questionID,questionStatement,text,grammar,content,cefr,language
850,Napisz e-mail do zespołu z prośbą o spotkanie w przyszły wtorek w celu omówienia postępów projektu.,"Szanowny Panie Maria Wójcik,

Z przyjemnością przedstawiam Panu kompleksową ocenę spotkanie, w której nie ograniczam się jedynie do kontekstualizacji osiągniętych wyników, lecz jednocześnie rzucam światło na implikacje strategiczne, które mogą okazać się decydujące dla naszego przyszłego kierunku rozwoju.

Wyniki minionego okresu stanowią świadectwo godnego uwagi postępu na wielu frontach. Efektywność operacyjna wzrosła o 23%, co jest wynikiem nie tylko optymalizacji procesów roboczych, ale również proaktywnej postawy naszego zespołu w identyfikowaniu i eliminowaniu nieefektywności.

Byłoby mi niezmiernie miło móc omówić te ustalenia podczas naszego najbliższego spotkania.

Z wyrazami najwyższego szacunku,
Maria
CyberLink",4,4,C2,Polish
68,Schrijf een welkomst-e-mail voor een nieuwe medewerker die bij uw team komt.,Beste Beste Kees Ik heb Ik wil hulp met de nieuwe software. Kan u helpen? Dank. vriendelijke,2,0,A1,Dutch
29,Scrivi un'email al tuo team richiedendo una riunione martedì prossimo per discutere i progressi del progetto.,Gentile Davide Ho un problema. problema.,1,2,A1,Italian
137,Escreva um email solicitando um reembolso por um produto com defeito.,"Olá, Sou novo aqui. o atraso.",2,2,A1,Portuguese
214,Γράψτε ένα email στην ομάδα σας ζητώντας μια συνάντηση την επόμενη Τρίτη για να συζητήσετε την πρόοδο του έργου.,"Αγαπητέ Κώστας Νικολάου, Σας γράφω γιατί χρειάζομαι βοήθεια με τη συνάντηση. σημαντικό Είναι πρόβλημα και ελπίζω να μπορείτε να με Περιμένω βοηθήσετε. την απάντησή σας. Με εκτίμηση, Κώστας",2,1,A2,Greek
576,Γράψτε ένα email στον διευθυντή σας ζητώντας άδεια για την επόμενη εβδομάδα.,"Αγαπητέ Πέτρος Ιωάννου, Σε συνέχεια της πρρόσφατης συζήτησής μας σχετικά με το έργο, θα ήθελα να σας ενημερώσω λεπτομερώς για την τρέχουσα κατάσταση. Έχουμε σημειώσει σημαντική πρόοδο στον τομέα της υλοποίησης. Η ομάδα ολοκλήρωσε επιτυχώς το πρώτο στάδιο και βρισκόμαστε τώρα στο δεύτερο. Αντιμετωπίσαμε ορισμένα μικρά προβλήματα, τα οποία έχουν πλέον επιλυθεί. Προτείνω να προγραμματίσουμε μια συνάντηση την επόμενη εβδομάδα για να συζητήσουμε τα αποτελέσματα. Με εκτίμηση, Πέτρος CyberLink",3,4,B2,Greek
332,Schrijf een e-mail aan IT-ondersteuning over een probleem met de software-installatie.,"Beste Tom de Groot, Ik schrijf u met betrekking tot het kwaliteitsprobleem. Na het bekijken van de situatie, denk ik dat we actie moeten ondernemen. Het zou goed zijn als we dit volgende weeek kunnen bespreken. Kuunt u mij laten weten wanneer u beschikbaar bent voor een kort overleg? Ik stel voor dinsdag of woensdag, maar ik ben flexibel. Met vriendelijke groet, Tom OptiSoft",2,2,B1,Dutch
803,Γράψτε ένα email στην ομάδα σας ζητώντας μια συνάντηση την επόμενη Τρίτη για να συζητήσετε την πρόοδο του έργου.,"Αξιότιμε Πέτρος Ιωάννου,

Με ιδιαίτερη ικανοποίηση σας παρουσιάζω μια εμπεριστατωμένη αξιολόγηση του τα τεχνικά προβλήματα, στην οποία δεν περιορίζομαι μόνο στην ανάδειξη των επιτευγμάτων μας, αλλά φωτίζω ταυτόχρονα τις στρατηγικές προεκτάσεις που δύνανται να καθορίσουν την μελλοντική μας πορεία.

Τα αποτελέσματα της παρελθούσας περιόδου αποτελούν τεκμήριο αξιοσημείωτης προόδου σε πολλαπλά μέτωπα. Η λειτουργική αποδοτικότητα αυξήθηκε κατά 23%, γεγονός που οφείλεται τόσο στη βελτιστοποίηση των εργασιακών διαδικασιών όσο και στην προδραστική στάση της ομάδας μας.

Θα ήταν τιμή μου να συζητήσουμε αυτά τα ευρήματα κατά τη διάρκεια της επερχόμενης συνάντησής μας.

Με τιμή,
Πέτρος
DataSphere",5,4,C2,Greek
871,Scrivi un'email richiedendo un rimborso per un prodotto difettoso.,"Egregio Luca Ferrari,

Ho il piacere di presentarle una valutazione esaustiva di il fornitore, nella quale non mi limito a contestualizzare i risultati raggiunti, ma illumino altresì le implicazioni strategiche che potrebbero rivelarsi determinanti per il nostro futuro orientamento.

I risultati del periodo trascorso testimoniano un progresso notevole su molteplici fronti. L'efficienza operativa è aumentata del 23%, il che è riconducibile non soltanto all'ottimizzazione dei processi lavorativi, ma anche all'atteggiamento proattivo del nostro team nell'identificare ed eliminare le inefficienze.

Sarebbe per me un onore poter approfondire questi risultati nel corso del nostro prossimo incontro.

Distinti saluti,
Luca
SmartCore",5,4,C2,Italian
504,Γράψτε ένα email στον διευθυντή σας σχετικά με αλλαγή στο χρονοδιάγραμμα του έργου.,"Αγαπητέ Μαρία Αντωνίου, Σε συνέχεια της πρόσφατης συζήτησής μας σχετικά με την εκπαίδευση, θα ήθελα να σας ενημερώσω λεπτομερώς για την τρέχουσα κατάσταση. Έχουμε σημειώσει σημαντική πρόοδο στον τομέα της υλοποίησης. Η ομάδα ολοκλήρωσε επιτυχώς το πρώτο στάδιο και βρισκόμαστε τώρα στο δεύτερο. Αντιμετωπίσαμε ορισμένα μικρά προβλήματα, τα οποία έχουν πλέον επιλυθεί. Προτείνω να προγραμματίσουμε μια συνάντηση την επόμενη εβδομάδα για να συζητήσουμε τα αποτελέσματα. Με εκτίμηση, Μαρία FlexiTech",4,2,B2,Greek
705,Γράψτε ένα email αναφέροντας ένα σφάλμα λογισμικού στην ομάδα ανάπτυξης.,"Αξιότιμε Κώστας Νικολάου,

Λαμβάνοντας υπόψη τις πρόσφατες εξελίξεις σχετικά με τα τεχνικά προβλήματα, κρίνω απαραίτητο να σας παρουσιάσω μια εκτενή ανάλυση της τρέχουσας κατάστασης και των πιθανών ενεργειών που μπορούμε να αναλάβουμε ως οργανισμός.

Από την ανάλυση των δεδομένων προκύπτει ότι τα αποτελέσματα του προηγούμενου τριμήνου ξεπέρασαν τις προσδοκίες, με αύξηση 15% στην παραγωγικότητα σε σύγκριση με την αντίστοιχη περίοδο του προηγούμενου έτους.

Ωστόσο, υπάρχουν ορισμένα σημεία που χρήζουν περαιτέρω εξέτασης. Πρώτον, η επεκτασιμότητα της τρέχουσας υποδομής ενδέχεται να αποτελέσει σημείο συμφόρησης.

Με εκτίμηση,
Κώστας
CyberLink",5,4,C1,Greek
75,Schrijf een e-mail als vervolg op een eerder sollicitatiegesprek.,"Hallo de Vries, Ik heb vraag over de vergadering. weet niet goed wat doen. Help mij mij alstublieft. Dank u",2,1,A1,Dutch
277,Schrijf een e-mail met een verzoek om terugbetaling voor een defect product.,"Jan Beste de Vries, Bedankt voor uw e-mail. Ik begrijp het probleem met de technische problemen. Ik ga proberen om een oplossing te vinden. Ik neem snel contact Met vriendelijke op. groet, Jan",1,2,A2,Dutch
105,Schrijf een e-mail aan uw manager met het verzoek om verlof voor volgende week.,Hallo Ik Ik wil de factuur. Dat is goed. Dank Dank u. Groeten,1,2,A1,Dutch
811,Schrijf een e-mail aan uw manager met het verzoek om verlof voor volgende week.,"Geachte Jan de Vries,

Met genoegen presenteer ik u hierbij een uitvoerige evaluatie van de vergadering, waarbij ik niet alleen de bereikte resultaten in perspectief plaats, maar tevens de strategische implicaties belicht die van doorslaggevend belang kunnen zijn voor onze toekomstige koers.

De resultaten van de afgelopen periode getuigen van een opmerkelijke vooruitgang op meerdere fronten. De operationele efficiëntie is met 23% toegenomen, hetgeen niet alleen te danken is aan de geoptimaliseerde werkprocessen, maar ook aan de proactieve houding van ons team bij het identificeren en elimineren van inefficiënties.

Wat betreft de technologische infrastructuur hebben wij een solide fundament gelegd waarop toekomstige innovaties kunnen worden gebouwd. De architectuur is zodanig ontworpen dat deze schaalbaar en toekomstbestendig is, waardoor wij flexibel kunnen inspelen op veranderende marktomstandigheden.

Ik nodig u van harte uit om deze bevindingen tijdens ons aanstaande overleg nader te bespreken, zodat wij gezamenlijk de meest optimale strategie kunnen formuleren.

Hoogachtend,
Jan
CloudMax",5,3,C2,Dutch
160,Escreva um email de seguimento após uma entrevista de emprego anterior.,"Olá colegas, informar-vos Quero sobre o escritório. É importante que todos saibam. Se tiverem perguntas, digam-me. Obrigado, Inês",3,1,A2,Portuguese
58,Scrivi un'email scusandoti per aver perso una riunione programmata.,"Chiara Conti, Ho un problema. Voglio aiuto con il del prodotto. Puoi aiutare? Cordiali Cordiali saluti",2,0,A1,Italian
30,Scrivi un'email di follow-up dopo un precedente colloquio di lavoro.,"Ferrari, Ho un problema. Voglio aiuto con il fornitore. Puoi aiutare? Grazie. Grazie. saluti",1,2,A1,Italian
506,Escreva um email convidando colegas para um evento de networking.,"Caro Sofia Rodrigues, Na sequência da nossa recente conversa sobre a formação, gostaria de lhe fornecer uma atualização detalhada sobre a situação atual. Fizemos progressos significativos na área da implementação. A equipa concluiu com sucesso a primeira fase e estamos agora a trabalhar na segunda. Surgiram alguns problemas menores, que já foram resolvidos. Proponho que agendemos uma reunião para a próxima semana para discutir os resultados e definir os próximos passos. Com os melhores cumprimentos, Sofia OptiSoft",5,3,B2,Portuguese
590,Schrijf een e-mail naar een klant als reactie op hun klacht over een vertraagde levering.,"Beste collega's, Hierbij nodig ik u uit voor onze kwartaalvergadering over het personeelsbeleid. De vergadering zal plaatsvinden op donderdag 15 maart om 14:00 uur in vergaderzaal 3. De agenda omvat de volgende punten: 1. Projectvoortgang en mijlpalen 2. Budgetoverzicht en financiële prognose 3. Teamuitbreiding en nieuwe aanwervingen 4. Eventuele vragen en overige punten Gelieve uw beschikbaarheid te bevestigen voor woensdag 12 maart. Indien u niet aanwezig kunt zijn, kunt u uw input vooraf per e-mail delenn. Met vriendelijke groet, Maria",3,4,B2,Dutch
177,Escreva um email a um fornecedor solicitando um orçamento para materiais a granel.,"Caro João Silva, Estou a escrever porque preciso de ajuda com o problema de qualidade. É um problema importante e espero que me possa ajudar. Fico a aguardar a Com sua resposta. os cumprimentos, melhores João",2,2,A2,Portuguese
565,Scrivi un'email al team acquisti richiedendo nuovi monitor per l'ufficio.,"Gentile Elena Ricci, In seguito alla nostra recente conversazione riguardo a il nuovo software, desidero fornirle un aggiornamento dettagliato sullo stato attuale della situazione. Abbiamo compiuto progressi significativi nell'ambito dell'implementazione. Il team ha completato con successo la prima fase e siamo attualmente impegnati nella seconda. Si sono verificati alcuni problemi minori, che sono stati nel frattempo risolti. Propongo di programmare un incontro la prossima settimana per discutere i risultati e definire i prossimi passi. Cordiali saluti, Elena DataSphere",3,3,B2,Italian
891,Escreva um email anunciando uma nova política da empresa sobre trabalho remoto.,"Estimado Sofia Rodrigues,

Tenho o prazer de lhe apresentar uma avaliação exaustiva de os problemas técnicos, na qual não me circunscrevo apenas à contextualização dos resultados alcançados, mas ilumino igualmente as implicações estratégicas que poderão revelar-se determinantes para a nossa orientação futura.

Os resultados do período transato constituem testemunho de um progresso notável em múltiplas frentes. A eficiência operacional registou um incremento de 23%, o que se deve não apenas à otimização dos processos de trabalho, mas também à postura proativa da nossa equipa na identificação e eliminação de ineficiências.

Seria para mim uma honra poder aprofundar estas conclusões durante o nosso próximo encontro.

Com os mais elevados cumprimentos,
Sofia
DataSphere",5,4,C2,Portuguese
692,Napisz e-mail do kierownika o zmianie harmonogramu projektu.,"Szanowny Panie Marek Zieliński,

W świetle ostatnich wydarzeń dotyczących dostawcę, uważam za konieczne przedstawienie Panu obszernej analizy obecnej sytuacji oraz możliwych działań, jakie nasza organizacja może podjąć.

Z analizy danych wynika, że wyniki ostatniego kwartału przekroczyły oczekiwania, odnotowując wzrost produktywności o 15% w porównaniu z analogicznym okresem ubiegłego roku. Jest to w dużej mierze zasługą pomyślnego wdrożenia nowego systemu oraz zaangażowania całego zespołu.

Niemniej jednak istnieją pewne kwestie wymagające dalszej analizy, w tym skalowalność obecnej infrastruktury.

Z wyrazami szacunku,
Marek
InfoBridge",4,4,C1,Polish
715,Schrijf een e-mail met de aankondiging van een nieuw bedrijfsbeleid over thuiswerken.,"Geachte Bram Mulder,

Naar aanleiding van de recente ontwikkelingen rondom de training, acht ik het noodzakelijk om u een uitgebreide analyse te presenteren van de huidige situatie en de mogelijke stappen die wij als organisatie kunnen ondernemen.

Uit de data-analyse blijkt dat de resultaten van het afgelopen kwartaal de verwachtingen hebben overtroffen, met een stijging van 15% in productiviteit ten opzichte van dezelfde periode vorig jaar. Dit is grotendeels te danken aan de succesvolle implementatie van het nieuwe systeem en de toewijding van het gehele team.

Desalniettemin zijn er enkele aandachtspunten die nadere beschouwing verdienen. Ten eerste, de schaalbaarheid van de huidige infrastructuur kan een knelpunt vormen bij verdere groei. Ten tweede, de integratie met externe systemen verloopt trager dan oorspronkelijk gepland.

Ik zou willen voorstellen dat wij een strategische sessie organiseren om deze punten te bespreken en een concreet actieplan op te stellen.

Met vriendelijke groet,
Bram
CyberLink",3,4,C1,Dutch
536,Γράψτε ένα email καλωσορίσματος για νέο υπάλληλο που εντάσσεται στην ομάδα σας.,"Αγαπητέ Κατερίνα Χρήστου, Σε συνέχεια της πρόσφατης συζήτησής μας σχετικά με το τιμολόγιο, θα ήθελα να σας ενημερώσω λεπτομερώς για την τρέχουσα κατάσταση. Έχουμε σημειώσει σημαντική πρόοδο στον τομέα της υλοποίησης. Η ομάδα ολοκλήρωσε επιτυχώς το πρώτο στάδιο και βρισκόμαστε τώρα στο δεύτερο. Αντιμετωπίσαμε ορισμένα μικρά προβλήματα, τα οποία έχουν πλέον επιλυθεί. Προτείνω να προγραμματίσουμε μια συνάντηση την επόμενη εβδομάδα για να συζητήσουμε τα αποτελέσματα. Με εκτίμηση, Κατερίνα FlexiTech",3,2,B2,Greek
575,Schrijf een e-mail met feedback over een recente trainingsessie.,"Beste collega's, Hierbij nodig ik u uit voor onze kwartaalvergadering over het kwaliteitsprobleem. De vergadering zal plaatsvinden op donderdag 15 maart om 14:00 uur in vergaderzaal 3. De agenda omvat de volgende punten: 1. Projectvoortgang en mijlpalen 2. Budgetoverzicht en financiële prognose 3. Teamuitbreiding en nieuwe aanwervingen 4. Eventuele vragen en overige punten Gelieve uw beschikbaarheid te bevestigen voor woensdag 12 maart. Indien u niet aanwezig kunt zijn, kunt u uw input vooraf per e-mail delen. Met vriendelijke groet, Kees",3,3,B2,Dutch
782,Γράψτε ένα email προτείνοντας μια νέα ιδέα για εκστρατεία μάρκετινγκ.,"Αξιότιμε Δημήτρης Γεωργίου,

Με ιδιαίτερη ικανοποίηση σας παρουσιάζω μια εμπεριστατωμένη αξιολόγηση του τον προμηθευτή, στην οποία δεν περιορίζομαι μόνο στην ανάδειξη των επιτευγμάτων μας, αλλά φωτίζω ταυτόχρονα τις στρατηγικές προεκτάσεις που δύνανται να καθορίσουν την μελλοντική μας πορεία.

Τα αποτελέσματα της παρελθούσας περιόδου αποτελούν τεκμήριο αξιοσημείωτης προόδου σε πολλαπλά μέτωπα. Η λειτουργική αποδοτικότητα αυξήθηκε κατά 23%, γεγονός που οφείλεται τόσο στη βελτιστοποίηση των εργασιακών διαδικασιών όσο και στην προδραστική στάση της ομάδας μας.

Θα ήταν τιμή μου να συζητήσουμε αυτά τα ευρήματα κατά τη διάρκεια της επερχόμενης συνάντησής μας.

Με τιμή,
Δημήτρης
InfoBridge",4,4,C2,Greek
41,Γράψτε ένα email καλωσορίσματος για νέο υπάλληλο που εντάσσεται στην ομάδα σας.,"Γεια σας σας Νίκος Δημητρίου, Είμαι Νίκος. Θέλω έργο. Χαιρετισμούς",1,0,A1,Greek
412,Schrijf een e-mail aan uw manager over een wijziging in de projectplanning.,"Beste Maria Timmers, Bedankt voor uw bericht over de marketingcampagne. Ik heb de informatie bestudeerd en heb enkele opmerkingen die ik graag met u wil deelen. Ten eerste, ik denk dat we het budget opnieuw moeten bekijken. Ten tweede, de tijdlijn moet aangepast worden. Kunt u mij hier feedback over geven? Met vriendelijke groet, Maria",3,3,B1,Dutch
517,Napisz e-mail przypominający klientowi o zbliżającym się terminie płatności faktury.,"Szanowny Tomasz Kamiński, W nawiązaniu do naszej ostatniej rozmowy na temat biuro, chciałbym przedstawić Panu szczegółową aktualizację obecnego stanu rzeczy. Poczyniliśmy znaczące postępy w zakresie wdrożenia. Zespół pomyślnie zakończył pierwszy etap i obecnie jesteśmy w trakcie realizacji drugiego. Wystąpiło kilka drobnych problemów, które zostały już rozwiązane. Proponuję, abyśmy zaplanowali spotkanie w przyszłym tygodniu w celu omówienia wyników i ustalenia kolejnych kroków. Z poważaniem, Tomasz DataSphere",4,3,B2,Polish
604,Scrivi un'email per ricordare a un cliente una scadenza di fattura imminente.,"Egregio Sara Greco,

Alla luce dei recenti sviluppi inerenti a la campagna di marketing, ritengo opportuno presentarle un'analisi approfondita della situazione corrente e delle possibili azioni che la nostra organizzazione potrebbe intraprendere.

Dall'analisi dei dati emerge che i risultati dell'ultimo trimestre hanno superato le aspettative, registrando un incremento del 15% nella produttività rispetto allo stesso periodo dell'anno precedente. Ciò è in gran parte attribuibile alla riuscita implementazione del nuovo sistema e alla dedizione dell'intero team.

Tuttavia, vi sono alcuni aspetti che meritano un'attenta valutazione, tra cui la scalabilità dell'infrastruttura attuale.

Cordiali saluti,
Sara
InfoBridge",5,4,C1,Italian
872,Γράψτε ένα email στον διευθυντή σας σχετικά με αλλαγή στο χρονοδιάγραμμα του έργου.,"Αξιότιμε Γιώργος Παπαδόπουλος,

Με ιδιαίτερη ικανοποίηση σας παρουσιάζω μια εμπεριστατωμένη αξιολόγηση του την πολιτική προσωπικού, στην οποία δεν περιορίζομαι μόνο στην ανάδειξη των επιτευγμάτων μας, αλλά φωτίζω ταυτόχρονα τις στρατηγικές προεκτάσεις που δύνανται να καθορίσουν την μελλοντική μας πορεία.

Τα αποτελέσματα της παρελθούσας περιόδου αποτελούν τεκμήριο αξιοσημείωτης προόδου σε πολλαπλά μέτωπα. Η λειτουργική αποδοτικότητα αυξήθηκε κατά 23%, γεγονός που οφείλεται τόσο στη βελτιστοποίηση των εργασιακών διαδικασιών όσο και στην προδραστική στάση της ομάδας μας.

Θα ήταν τιμή μου να συζητήσουμε αυτά τα ευρήματα κατά τη διάρκεια της επερχόμενης συνάντησής μας.

Με τιμή,
Γιώργος
TechNova",5,4,C2,Greek
538,Scrivi un'email di benvenuto per un nuovo dipendente che si unisce al tuo team.,"Gentile Luca Ferrari, In seguito alla nostra recente conversazione riguardo a il budget, desidero fornirle un aggiornamento dettagliato sullo stato attuale della situazione. Abbiamo compiuto progressi significativi nell'ambito dell'implementazione. Il team ha completato con successo la prima fase e siamo attualmente impegnati nella seconda. Si sono verificati alcuni problemi minori, che sono stati nel frattempo risolti. Propongo di programmare un incontro la prossima settimana per discutere i risultati e definire i prossimi passi. Cordiali saluti, Luca InfoBridge",3,3,B2,Italian
147,Γράψτε ένα email στην υποστήριξη IT σχετικά με πρόβλημα εγκατάστασης λογισμικού.,"Αγαπητέ Αγαπητέ Πέτρος Ιωάννου, Έχω Θέλω βοήθεια την πολιτική προσωπικού. Μπορείτε βοηθήσετε; Ευχαριστώ",2,0,A1,Greek
847,Napisz e-mail zgłaszający błąd oprogramowania do zespołu programistów.,"Szanowny Panie Agnieszka Szymańska,

Z przyjemnością przedstawiam Panu kompleksową ocenę spotkanie, w której nie ograniczam się jedynie do kontekstualizacji osiągniętych wyników, lecz jednocześnie rzucam światło na implikacje strategiczne, które mogą okazać się decydujące dla naszego przyszłego kierunku rozwoju.

Wyniki minionego okresu stanowią świadectwo godnego uwagi postępu na wielu frontach. Efektywność operacyjna wzrosła o 23%, co jest wynikiem nie tylko optymalizacji procesów roboczych, ale również proaktywnej postawy naszego zespołu w identyfikowaniu i eliminowaniu nieefektywności.

Byłoby mi niezmiernie miło móc omówić te ustalenia podczas naszego najbliższego spotkania.

Z wyrazami najwyższego szacunku,
Agnieszka
CloudMax",5,4,C2,Polish
279,Scrivi un'email fornendo feedback su una recente sessione di formazione.,"Gentile Marco Rossi, Le scrivo perché ho bisogno di aiuto con il lancio del prodotto. È un problema importante e spero che Aspetto possa la aiutarmi. sua risposta. Cordiali saluti, Marco",1,2,A2,Italian
180,Scrivi un'email al team acquisti richiedendo nuovi monitor per l'ufficio.,"Ciao colleghi, Voglio informarvi su la riunione. È importante che tutti lo sappiano. Se avete domande, fatemi sapere. Grazie, Marco",3,3,A2,Italian
212,Γράψτε ένα email καλωσορίσματος για νέο υπάλληλο που εντάσσεται στην ομάδα σας.,"Αγαπητέ Νίκος Δημητρίου, Σας γράφω γιατί χρειάζομαι βοήθεια με την εξυπηρέτηση πελατών. Είναι σημαντικό πρόβλημα και ελπίζω να μπορείτε να με βοηθήσετε. Περιμένω απάντησή την σας. εκτίμηση, Με Νίκος",2,2,A2,Greek
530,Schrijf een e-mail om uw excuses aan te bieden voor het missen van een geplande vergadering.,"Beste Pieter Jansen, Naar aanleiding van ons recente gesprek over de technische problemen, wil ik u graag een gedetailleerde update geven over de huidige stand van zaken. We hebben aanzienlijke vooruitgang geboekt op het gebied van de implementatie. Het team heeft de eerste fase succesvol afgerond en we zijn nu bezig met de tweede fase. Er zijn enkele kleinere problemen opgetreden, maar die zijn inmiddels opgelost. Ik stel voor dat we volgende week een vergadering plannen om de resultaten te bespreken en de volgende stappen vast te stellen. Daarnaast zou ik graag uw mening willen horen over de voorgestelde aanpak voor het derde kwartaal. Met vriendelijke groet, Pieter SmartCore",5,2,B2,Dutch
778,Scrivi un'email a un fornitore richiedendo un preventivo per materiali all'ingrosso.,"Egregio Marco Rossi,

Ho il piacere di presentarle una valutazione esaustiva di il nuovo software, nella quale non mi limito a contestualizzare i risultati raggiunti, ma illumino altresì le implicazioni strategiche che potrebbero rivelarsi determinanti per il nostro futuro orientamento.

I risultati del periodo trascorso testimoniano un progresso notevole su molteplici fronti. L'efficienza operativa è aumentata del 23%, il che è riconducibile non soltanto all'ottimizzazione dei processi lavorativi, ma anche all'atteggiamento proattivo del nostro team nell'identificare ed eliminare le inefficienze.

Sarebbe per me un onore poter approfondire questi risultati nel corso del nostro prossimo incontro.

Distinti saluti,
Marco
CyberLink",5,4,C2,Italian
315,Escreva um email ao suporte de TI sobre um problema de instalação de software.,"Caro Inês Almeida, Esttou a escrever-lhe a respeito de os problemas técnicos. Após analisar a situação, acredito que devemos tomar medidas. Seria bom se pudéssemos discutir isto na próxima semana. Poode informar-me quando está disponível para uma breve reunião? Sugiro terça ou quarta-feira, mas sou flexível. Com os melhores cumprimentos, Inês DigiWave",3,2,B1,Portuguese
218,Schrijf een e-mail met de aankondiging van een nieuw bedrijfsbeleid over thuiswerken.,"Hallo team, Ik schrijf over het We budget. moeten vergaderen volgende week om dit te bespreken. Graag beschikbaarheid uw doorgeven. Bedankt, Jan",2,2,A2,Dutch
255,Schrijf een e-mail met feedback over een recente trainingsessie.,"Beste Maria Timmers, Ik schrijf u omdat ik hulp nodig heb met de Het training. is een belangrijk probleem en ik dat hoop u mij kan helpen. Ik wacht uw op antwoord. Met vriendelijke groet, Maria",2,1,A2,Dutch
622,Γράψτε ένα email σε προμηθευτή ζητώντας προσφορά για χύμα υλικά.,"Αξιότιμε Κώστας Νικολάου,

Λαμβάνοντας υπόψη τις πρόσφατες εξελίξεις σχετικά με το νέο λογισμικό, κρίνω απαραίτητο να σας παρουσιάσω μια εκτενή ανάλυση της τρέχουσας κατάστασης και των πιθανών ενεργειών που μπορούμε να αναλάβουμε ως οργανισμός.

Από την ανάλυση των δεδομένων προκύπτει ότι τα αποτελέσματα του προηγούμενου τριμήνου ξεπέρασαν τις προσδοκίες, με αύξηση 15% στην παραγωγικότητα σε σύγκριση με την αντίστοιχη περίοδο του προηγούμενου έτους.

Ωστόσο, υπάρχουν ορισμένα σημεία που χρήζουν περαιτέρω εξέτασης. Πρώτον, η επεκτασιμότητα της τρέχουσας υποδομής ενδέχεται να αποτελέσει σημείο συμφόρησης.

Με εκτίμηση,
Κώστας
NetPro",4,4,C1,Greek
223,Scrivi un'email a un fornitore richiedendo un preventivo per materiali all'ingrosso.,"Ciao colleghi, Voglio informarvi su il budget. importante È che tutti lo Se sappiano. avete domande, fatemi sapere. Grazie, Andrea",2,2,A2,Italian
267,Γράψτε ένα email ανακοινώνοντας νέα εταιρική πολιτική για τηλεργασία.,"Γεια σας συνάδελφοι, να Θέλω σας ενημερώσω για καθυστέρηση. την Είναι σημαντικό να το ξέρουν όλοι. Αν έχετε ερωτήσεις, ενημερώστε με. Ευχαριστώ, Πέτρος",3,2,A2,Greek
271,Escreva um email lembrando um cliente sobre um prazo de fatura próximo.,"Olá colegas, Quero sobre o informar-vos serviço ao cliente. É importante que todos saibam. Se tiverem perguntas, digam-me. Obrigado, Carlos",2,3,A2,Portuguese
354,Escreva um email ao departamento de compras solicitando novos monitores de escritório.,"Caro Inês Almeida, Estou a escrever-lhe a respeito de a formação. Após analisar a situação, acredito que devemos tomar medidas. Serria bom se pudéssemos discutir isto na próxima semana. Pode informar-me quando está disponível para uma breve reunião? Sugiro terça ou quarta-feira, mas sou flexível. Com os melhores cumprimentos, Inês DataSphere",3,2,B1,Portuguese
704,Napisz e-mail powitalny dla nowego pracownika dołączającego do zespołu.,"Szanowny Panie Maria Wójcik,

W świetle ostatnich wydarzeń dotyczących dostawcę, uważam za konieczne przedstawienie Panu obszernej analizy obecnej sytuacji oraz możliwych działań, jakie nasza organizacja może podjąć.

Z analizy danych wynika, że wyniki ostatniego kwartału przekroczyły oczekiwania, odnotowując wzrost produktywności o 15% w porównaniu z analogicznym okresem ubiegłego roku. Jest to w dużej mierze zasługą pomyślnego wdrożenia nowego systemu oraz zaangażowania całego zespołu.

Niemniej jednak istnieją pewne kwestie wymagające dalszej analizy, w tym skalowalność obecnej infrastruktury.

Z wyrazami szacunku,
Maria
InfoBridge",4,3,C1,Polish
439,Schrijf een e-mail naar een klant als reactie op hun klacht over een vertraagde levering.,"Beste Bram Mulder, Bedankt voor uw bericht over de leverancier. Ik heb de informatie bestudeerd en heb enkele opmerkingen die ik graag met u wil delen. Ten eerste, ik denk dat we het budget opnieuw moeten bekijken. Ten tweede, de tijdlijn mooet aangepast worden. Kunt u mij hier feedback over geven? Met vriendelijke groet, Bram",3,3,B1,Dutch
217,Escreva um email ao seu gestor sobre uma alteração no cronograma do projeto.,"Caro Sofia Rodrigues, Estou a porque escrever preciso de ajuda com os técnicos. problemas É um problema importante e espero que me possa Fico ajudar. a aguardar a sua resposta. Com os melhores cumprimentos, Sofia",1,1,A2,Portuguese
535,Scrivi un'email al team acquisti richiedendo nuovi monitor per l'ufficio.,"Gentile Andrea Colombo, In seguito alla nostra recente conversazione riguardo a il problema di qualità, desidero fornirle un aggiornamento dettagliato sullo stato attuale della sittuazione. Abbiamo compiuto progressi significativi nell'ambito dell'implementazione. Il team ha completato con successo la prima fase e siamo attualmente impegnati nella seconda. Si sono verificati alcuni problemi minori, che sono stati nel frattempo risolti. Propongo di programmare un incontro la prossima settimana per discutere i risultati e definire i prossimi passi. Cordiali saluti, Andrea CyberLink",5,3,B2,Italian
708,Γράψτε ένα email στον διευθυντή σας ζητώντας άδεια για την επόμενη εβδομάδα.,"Αξιότιμε Δημήτρης Γεωργίου,

Λαμβάνοντας υπόψη τις πρόσφατες εξελίξεις σχετικά με τον προϋπολογισμό, κρίνω απαραίτητο να σας παρουσιάσω μια εκτενή ανάλυση της τρέχουσας κατάστασης και των πιθανών ενεργειών που μπορούμε να αναλάβουμε ως οργανισμός.

Από την ανάλυση των δεδομένων προκύπτει ότι τα αποτελέσματα του προηγούμενου τριμήνου ξεπέρασαν τις προσδοκίες, με αύξηση 15% στην παραγωγικότητα σε σύγκριση με την αντίστοιχη περίοδο του προηγούμενου έτους.

Ωστόσο, υπάρχουν ορισμένα σημεία που χρήζουν περαιτέρω εξέτασης. Πρώτον, η επεκτασιμότητα της τρέχουσας υποδομής ενδέχεται να αποτελέσει σημείο συμφόρησης.

Με εκτίμηση,
Δημήτρης
InfoBridge",4,3,C1,Greek
642,Napisz e-mail do wsparcia IT dotyczący problemu z instalacją oprogramowania.,"Szanowny Panie Katarzyna Lewandowska,

W świetle ostatnich wydarzeń dotyczących projekt, uważam za konieczne przedstawienie Panu obszernej analizy obecnej sytuacji oraz możliwych działań, jakie nasza organizacja może podjąć.

Z analizy danych wynika, że wyniki ostatniego kwartału przekroczyły oczekiwania, odnotowując wzrost produktywności o 15% w porównaniu z analogicznym okresem ubiegłego roku. Jest to w dużej mierze zasługą pomyślnego wdrożenia nowego systemu oraz zaangażowania całego zespołu.

Niemniej jednak istnieją pewne kwestie wymagające dalszej analizy, w tym skalowalność obecnej infrastruktury.

Z wyrazami szacunku,
Katarzyna
DigiWave",4,4,C1,Polish
585,Schrijf een e-mail om uw excuses aan te bieden voor het missen van een geplande vergadering.,"Beste Eva Meijer, Naar aanleiding van ons recente gesprek over de klantenservice, wil ik u graag een gedetailleerde update geven over de huidige stand van zaken. We hebben aanzienlijke vooruitgang geboekt op het gebied van de implementatie. Het team heeft de eerste fase succesvol afgerond en we zijn nu bezig met de tweede fase. Er zijn enkele kleinere problemen opgetreden, maar die zijn inmiddels opgelost. Ik stel voor dat we volgende week een vergadering plannen om de resultaten te bespreken en de volgende stappen vast te stellen. Daarnaast zou ik graag uw mening willen horen over de voorgestelde aanpak voor het derde kwartaal. Met vriendelijke groet, Eva InfoBridge",4,3,B2,Dutch
397,Escreva um email lembrando um cliente sobre um prazo de fatura próximo.,"Caro Ricardo Martins, Estou a escrever-lhe a respeito de o orçamento. Após analisar a situação, acredito que devemos tomar medidas. Seria bom se pudéssemos discutir isto na próxima semana. Pode informar-me quando está disponível para uma breve reunião? Sugiro terça ou quarta-feira, mas sou flexíveel. Com os melhores cumprimentos, Ricardo DigiiWave",4,3,B1,Portuguese
136,Escreva um email ao departamento de compras solicitando novos monitores de escritório.,"Beatriz Sousa, Eu sou Beatriz. Eu quero a a política pessoal. Obrigado. Cumprimentos",1,2,A1,Portuguese
783,Scrivi un'email al team acquisti richiedendo nuovi monitor per l'ufficio.,"Egregio Davide Gallo,

Ho il piacere di presentarle una valutazione esaustiva di il nuovo software, nella quale non mi limito a contestualizzare i risultati raggiunti, ma illumino altresì le implicazioni strategiche che potrebbero rivelarsi determinanti per il nostro futuro orientamento.

I risultati del periodo trascorso testimoniano un progresso notevole su molteplici fronti. L'efficienza operativa è aumentata del 23%, il che è riconducibile non soltanto all'ottimizzazione dei processi lavorativi, ma anche all'atteggiamento proattivo del nostro team nell'identificare ed eliminare le inefficienze.

Sarebbe per me un onore poter approfondire questi risultati nel corso del nostro prossimo incontro.

Distinti saluti,
Davide
DigiWave",4,4,C2,Italian
265,Γράψτε ένα email στον διευθυντή σας σχετικά με αλλαγή στο χρονοδιάγραμμα του έργου.,"Γεια σας συνάδελφοι, Θέλω να ενημερώσω σας για το γραφείο. Είναι σημαντικό να το ξέρουν Αν όλοι. έχετε ερωτήσεις, ενημερώστε με. Ευχαριστώ, Κώστας",2,1,A2,Greek
784,Schrijf een e-mail als vervolg op een eerder sollicitatiegesprek.,"Geachte Kees Bakker,

Met genoegen presenteer ik u hierbij een uitvoerige evaluatie van de technische problemen, waarbij ik niet alleen de bereikte resultaten in perspectief plaats, maar tevens de strategische implicaties belicht die van doorslaggevend belang kunnen zijn voor onze toekomstige koers.

De resultaten van de afgelopen periode getuigen van een opmerkelijke vooruitgang op meerdere fronten. De operationele efficiëntie is met 23% toegenomen, hetgeen niet alleen te danken is aan de geoptimaliseerde werkprocessen, maar ook aan de proactieve houding van ons team bij het identificeren en elimineren van inefficiënties.

Wat betreft de technologische infrastructuur hebben wij een solide fundament gelegd waarop toekomstige innovaties kunnen worden gebouwd. De architectuur is zodanig ontworpen dat deze schaalbaar en toekomstbestendig is, waardoor wij flexibel kunnen inspelen op veranderende marktomstandigheden.

Ik nodig u van harte uit om deze bevindingen tijdens ons aanstaande overleg nader te bespreken, zodat wij gezamenlijk de meest optimale strategie kunnen formuleren.

Hoogachtend,
Kees
SmartCore",5,3,C2,Dutch
835,Escreva um email para a sua equipa solicitando uma reunião na próxima terça-feira para discutir o progresso do projeto.,"Estimado Miguel Pereira,

Tenho o prazer de lhe apresentar uma avaliação exaustiva de o escritório, na qual não me circunscrevo apenas à contextualização dos resultados alcançados, mas ilumino igualmente as implicações estratégicas que poderão revelar-se determinantes para a nossa orientação futura.

Os resultados do período transato constituem testemunho de um progresso notável em múltiplas frentes. A eficiência operacional registou um incremento de 23%, o que se deve não apenas à otimização dos processos de trabalho, mas também à postura proativa da nossa equipa na identificação e eliminação de ineficiências.

Seria para mim uma honra poder aprofundar estas conclusões durante o nosso próximo encontro.

Com os mais elevados cumprimentos,
Miguel
InfoBridge",4,4,C2,Portuguese
42,Escreva um email para um cliente em resposta à reclamação sobre uma entrega atrasada.,"Caro Miguel Pereira, um um problema. ajuda com o novo software.",1,2,A1,Portuguese
696,Napisz e-mail do działu zaopatrzenia z prośbą o nowe monitory biurowe.,"Szanowny Panie Jan Kowalski,

W świetle ostatnich wydarzeń dotyczących kampanię marketingową, uważam za konieczne przedstawienie Panu obszernej analizy obecnej sytuacji oraz możliwych działań, jakie nasza organizacja może podjąć.

Z analizy danych wynika, że wyniki ostatniego kwartału przekroczyły oczekiwania, odnotowując wzrost produktywności o 15% w porównaniu z analogicznym okresem ubiegłego roku. Jest to w dużej mierze zasługą pomyślnego wdrożenia nowego systemu oraz zaangażowania całego zespołu.

Niemniej jednak istnieją pewne kwestie wymagające dalszej analizy, w tym skalowalność obecnej infrastruktury.

Z wyrazami szacunku,
Jan
DataSphere",4,3,C1,Polish
318,Schrijf een HR-aankondigingsmail over de jaarlijkse sportdag van het bedrijf.,"Beste collega's, Graag wil ik u informeren over de voortgang van de nieuwe software. We heebben goede resulltaten behaald in de afgelopen periode, hoewel er nog enkele uitdagingen zijn. De volgende stappen zijn gepland voor de komende weken. Ik verwacht dat we de deadline kunnen halen, maar ik houd u op de hoogte als er wijzigingen zijn. Met vriendelijke groet, Lisa",3,3,B1,Dutch
690,Napisz e-mail ogłaszający nową politykę firmy dotyczącą pracy zdalnej.,"Szanowny Panie Marek Zieliński,

W świetle ostatnich wydarzeń dotyczących politykę kadrową, uważam za konieczne przedstawienie Panu obszernej analizy obecnej sytuacji oraz możliwych działań, jakie nasza organizacja może podjąć.

Z analizy danych wynika, że wyniki ostatniego kwartału przekroczyły oczekiwania, odnotowując wzrost produktywności o 15% w porównaniu z analogicznym okresem ubiegłego roku. Jest to w dużej mierze zasługą pomyślnego wdrożenia nowego systemu oraz zaangażowania całego zespołu.

Niemniej jednak istnieją pewne kwestie wymagające dalszej analizy, w tym skalowalność obecnej infrastruktury.

Z wyrazami szacunku,
Marek
InfoBridge",5,4,C1,Polish
458,Escreva um email anunciando uma nova política da empresa sobre trabalho remoto.,"Caro Miguel Pereira, Na sequência da nossa recente conversa sobre a campanha de marketing, gostaria de lhe fornecer uma atualização detalhada sobre a situação atual. Fizemos progressos significativos na área da implementação. A equipa concluiu com sucesso a primeira fase e estamos agora a trabalhar na segunda. Surgiram alguns problemas menores, que já foram resolvidos. Proponho que agendemos uma reunião para a próxima semana para discutir os resultaddos e definir os próximos passos. Com os melhores cumprimentos, Miguel CloudMax",2,4,B2,Portuguese
519,Γράψτε ένα email παρακολούθησης μετά από προηγούμενη συνέντευξη εργασίας.,"Αγαπητέ Κατερίνα Χρήστου, Σε συνέχεια της πρόσφατης συζήτησής μας σχετικά με την καθυστέρηση, θα ήθελα να σας ενημερώσω λεπτομερώς για την τρέχουσα κατάσταση. Έχουμε σημειώσει σημαντική πρόοδο στον τομέα της υλοποίησης. Η ομάδα ολοκλήρωσε επιτυχώς το πρώτο στάδιο και βρισκόμαστε τώρα στο δεύτερο. Αντιμετωπίσαμε ορισμένα μικρά προβλήματα, τα οποία έχουν πλέον επιλυθεί. Προτείνω να προγραμματίσουμε μια συνάντηση την επόμενη εβδομάδα για να συζητήσουμε τα αποτελέσματα. Με εκτίμηση, Κατερίνα DataSphere",3,2,B2,Greek
730,Escreva um email a um fornecedor solicitando um orçamento para materiais a granel.,"Estimado Maria Santos,

À luz dos recentes desenvolvimentos relativos a a reunião, considero necessário apresentar-lhe uma análise abrangente da situação atual e das possíveis ações que a nossa organização pode empreender.

Da análise dos dados resulta que os resultados do último trimestre superaram as expectativas, registando um aumento de 15% na produtividade em comparação com o mesmo período do ano anterior. Isto deve-se em grande parte à implementação bem-sucedida do novo sistema e à dedicação de toda a equipa.

Contudo, existem alguns aspetos que merecem uma análise mais aprofundada, incluindo a escalabilidade da infraestrutura atual.

Com os melhores cumprimentos,
Maria
DigiWave",4,3,C1,Portuguese
305,Napisz e-mail do kierownika z prośbą o urlop na następny tydzień.,"Szanowny Magdalena Dąbrowska, Piszę do Pana w sprawie dostawcę. Po przeanalizowaniu sytuacji uważam, że powinniśmy podjąć działania. Byłoby dobrze, gdybyśmy mogli to omówić w przyszłym tygodnniu. Czy może Pan poinformować mnie, kiedy jest dostępny na krótkie spotkanie? Proponuję wtorek lub śrrodę, ale jestem elastyczny. Z poważaniem, Magdalena DataSphere",3,2,B1,Polish
675,Escreva um email lembrando um cliente sobre um prazo de fatura próximo.,"Estimado Sofia Rodrigues,

À luz dos recentes desenvolvimentos relativos a a fatura, considero necessário apresentar-lhe uma análise abrangente da situação atual e das possíveis ações que a nossa organização pode empreender.

Da análise dos dados resulta que os resultados do último trimestre superaram as expectativas, registando um aumento de 15% na produtividade em comparação com o mesmo período do ano anterior. Isto deve-se em grande parte à implementação bem-sucedida do novo sistema e à dedicação de toda a equipa.

Contudo, existem alguns aspetos que merecem uma análise mais aprofundada, incluindo a escalabilidade da infraestrutura atual.

Com os melhores cumprimentos,
Sofia
CyberLink",4,4,C1,Portuguese
611,Scrivi un'email di benvenuto per un nuovo dipendente che si unisce al tuo team.,"Egregio Chiara Conti,

Alla luce dei recenti sviluppi inerenti a la riunione, ritengo opportuno presentarle un'analisi approfondita della situazione corrente e delle possibili azioni che la nostra organizzazione potrebbe intraprendere.

Dall'analisi dei dati emerge che i risultati dell'ultimo trimestre hanno superato le aspettative, registrando un incremento del 15% nella produttività rispetto allo stesso periodo dell'anno precedente. Ciò è in gran parte attribuibile alla riuscita implementazione del nuovo sistema e alla dedizione dell'intero team.

Tuttavia, vi sono alcuni aspetti che meritano un'attenta valutazione, tra cui la scalabilità dell'infrastruttura attuale.

Cordiali saluti,
Chiara
DigiWave",4,3,C1,Italian
19,Schrijf een e-mail naar een leverancier met een verzoek om een offerte voor bulkmateriaal.,Hallo Jan de Ik Ik Jan. Ik wil het kwaliteitsprobleem. Dat is goed. Dank,1,2,A1,Dutch
681,Napisz e-mail proponujący nowy pomysł na kampanię marketingową.,"Szanowny Panie Anna Nowak,

W świetle ostatnich wydarzeń dotyczących biuro, uważam za konieczne przedstawienie Panu obszernej analizy obecnej sytuacji oraz możliwych działań, jakie nasza organizacja może podjąć.

Z analizy danych wynika, że wyniki ostatniego kwartału przekroczyły oczekiwania, odnotowując wzrost produktywności o 15% w porównaniu z analogicznym okresem ubiegłego roku. Jest to w dużej mierze zasługą pomyślnego wdrożenia nowego systemu oraz zaangażowania całego zespołu.

Niemniej jednak istnieją pewne kwestie wymagające dalszej analizy, w tym skalowalność obecnej infrastruktury.

Z wyrazami szacunku,
Anna
TechNova",4,4,C1,Polish
832,Scrivi un'email di benvenuto per un nuovo dipendente che si unisce al tuo team.,"Egregio Elena Ricci,

Ho il piacere di presentarle una valutazione esaustiva di la formazione, nella quale non mi limito a contestualizzare i risultati raggiunti, ma illumino altresì le implicazioni strategiche che potrebbero rivelarsi determinanti per il nostro futuro orientamento.

I risultati del periodo trascorso testimoniano un progresso notevole su molteplici fronti. L'efficienza operativa è aumentata del 23%, il che è riconducibile non soltanto all'ottimizzazione dei processi lavorativi, ma anche all'atteggiamento proattivo del nostro team nell'identificare ed eliminare le inefficienze.

Sarebbe per me un onore poter approfondire questi risultati nel corso del nostro prossimo incontro.

Distinti saluti,
Elena
DigiWave",5,4,C2,Italian
95,Scrivi un'email a un cliente in risposta al suo reclamo per una consegna in ritardo.,"Gentile Giulia Bianchi, Ho Ho un problema. Voglio aiuto con Puoi aiutare? Grazie. saluti",1,2,A1,Italian
174,Schrijf een e-mail aan uw team met het verzoek om een vergadering volgende dinsdag om de projectvoortgang te bespreken.,"Beste Ik collega's, wil jullie informeren over de training. Het is belangrijk iedereen dat dit weet. Als er vragen zijn, laat het mij weten. Groetjes, Sophie",3,1,A2,Dutch
144,Escreva um email ao departamento de compras solicitando novos monitores de escritório.,"João Silva, Silva, Tenho um Quero ajuda com a formação. ajudar? Obrigado. Atenciosamente",1,1,A1,Portuguese
250,Scrivi un'email ringraziando un cliente per la sua continua collaborazione.,"Ciao colleghi, Voglio informarvi su la riunione. È importante che tutti lo sappiano. Se avete fatemi domande, sapere. Matteo Grazie,",2,2,A2,Italian
294,Γράψτε ένα email στο τμήμα προμηθειών ζητώντας νέες οθόνες γραφείου.,"Γεια σας συνάδελφοι, Θέλω να ενημερώσω σας για την εκστρατεία μάρκετινγκ. σημαντικό Είναι να το ξέρουν όλοι. Αν έχετε ερωτήσεις, ενημερώστε με. Ευχαριστώ, Πέτρος",3,1,A2,Greek
697,Napisz e-mail będący kontynuacją poprzedniej rozmowy kwalifikacyjnej.,"Szanowny Panie Magdalena Dąbrowska,

W świetle ostatnich wydarzeń dotyczących fakturę, uważam za konieczne przedstawienie Panu obszernej analizy obecnej sytuacji oraz możliwych działań, jakie nasza organizacja może podjąć.

Z analizy danych wynika, że wyniki ostatniego kwartału przekroczyły oczekiwania, odnotowując wzrost produktywności o 15% w porównaniu z analogicznym okresem ubiegłego roku. Jest to w dużej mierze zasługą pomyślnego wdrożenia nowego systemu oraz zaangażowania całego zespołu.

Niemniej jednak istnieją pewne kwestie wymagające dalszej analizy, w tym skalowalność obecnej infrastruktury.

Z wyrazami szacunku,
Magdalena
CyberLink",3,4,C1,Polish
290,Γράψτε ένα email υπενθυμίζοντας έναν πελάτη για προσεχή προθεσμία τιμολογίου.,"Γεια σας συνάδελφοι, Θέλω να σας ενημερώσω για την κυκλοφορία προϊόντος. Είναι σημαντικό να το ξέρουν όλοι. Αν έχετε ερωτήσεις, ενημερώστε με. Ευχαριστώ, Πέτρος",1,1,A2,Greek
821,Napisz e-mail proponujący nowy pomysł na kampanię marketingową.,"Szanowny Panie Marek Zieliński,

Z przyjemnością przedstawiam Panu kompleksową ocenę kampanię marketingową, w której nie ograniczam się jedynie do kontekstualizacji osiągniętych wyników, lecz jednocześnie rzucam światło na implikacje strategiczne, które mogą okazać się decydujące dla naszego przyszłego kierunku rozwoju.

Wyniki minionego okresu stanowią świadectwo godnego uwagi postępu na wielu frontach. Efektywność operacyjna wzrosła o 23%, co jest wynikiem nie tylko optymalizacji procesów roboczych, ale również proaktywnej postawy naszego zespołu w identyfikowaniu i eliminowaniu nieefektywności.

Byłoby mi niezmiernie miło móc omówić te ustalenia podczas naszego najbliższego spotkania.

Z wyrazami najwyższego szacunku,
Marek
SmartCore",5,4,C2,Polish
221,Escreva um email de anúncio de RH sobre o dia desportivo anual da empresa.,"Olá colegas, Quero informar-vos sobre a reunião. É importante que todos saibam. Se tiverem perguntas, Obrigado, digam-me. Ricardo",3,1,A2,Portuguese
623,Napisz e-mail zgłaszający błąd oprogramowania do zespołu programistów.,"Szanowny Panie Agnieszka Szymańska,

W świetle ostatnich wydarzeń dotyczących biuro, uważam za konieczne przedstawienie Panu obszernej analizy obecnej sytuacji oraz możliwych działań, jakie nasza organizacja może podjąć.

Z analizy danych wynika, że wyniki ostatniego kwartału przekroczyły oczekiwania, odnotowując wzrost produktywności o 15% w porównaniu z analogicznym okresem ubiegłego roku. Jest to w dużej mierze zasługą pomyślnego wdrożenia nowego systemu oraz zaangażowania całego zespołu.

Niemniej jednak istnieją pewne kwestie wymagające dalszej analizy, w tym skalowalność obecnej infrastruktury.

Z wyrazami szacunku,
Agnieszka
DigiWave",4,4,C1,Polish
515,Escreva um email pedindo desculpas por ter faltado a uma reunião agendada.,"Caro Pedro Costa, Na sequência da nossa recente conversa sobre o lançamento do produto, gostaria de lhe fornecer uma atualização detalhada sobre a situação atual. Fizemos progressos significativos na área da implementação. A equipa concluiu com sucesso a primeira fase e estamos agora a trabalhar na segunda. Surgiram alguns problemas menores, que já foram resolvidos. Proponho que agendemos uma reunião para a próxima semana para discutir os resultados e definir os próximos passos. Com os melhores cumprimentos, Pedro TechNova",3,4,B2,Portuguese
324,Napisz e-mail z podziękowaniami dla klienta za ciągłą współpracę.,"Szanowny Piotr Wiśniewski, Piszę do Pana w sprawie problem jakościowy. Po przeanalizowaniu sytuacji uważam, że powinniśmy podjąć działania. Byłoby dobrze, gdybyśmy mogli to omówić w przyszłym tygodniu. Czy może Pan poinformować mnie, kiedy jest dostępny na krótkie spotkanie? Proponuję wtorek lub środę, ale jestem elastyczny. Z poważaniem, Piotr OptiSoft",3,4,B1,Polish
459,Napisz e-mail z ogłoszeniem HR o corocznym dniu sportu w firmie.,"Szanowny Marek Zieliński, W nawiązaniu do naszej ostatniej rozmowy na temat spotkanie, chciałbym przedstawić Panu szczegółową aktualizację obecnego stanu rzeczy. Poczyniliśmy znaczące postępy w zakresie wdrożenia. Zespół pomyślnie zakończył pierwszy etap i obecnie jesteśmy w trakcie realizacji drugiego. Wystąpiło kilka drobnych problemów, które zostały już rozwiązane. Proponuję, abyśmy zaplanowali spotkanie w przyszłym tygodniu w celu omówienia wyników i ustalenia kolejnych kroków. Z poważaniem, Marek InfoBridge",5,3,B2,Polish
306,Escreva um email a um fornecedor solicitando um orçamento para materiais a granel.,"Caro Ana Ferreira, Estou a escrever-lhe a respeito de o serviço ao cliente. Após analisar a situação, acredito que devemos tomar medidas. Seria bom se pudésseemos discutir isto na próxima semana. Pode informar-me quando está disponível para uma breve reunião? Sugiro terça ou quarta-feira, mas sou flexível. Com os melhores cumprimentos, Ana NetPro",2,3,B1,Portuguese
116,Napisz e-mail z opinią na temat ostatniej sesji szkoleniowej.,Jestem nowy. wprowadzenie produktu. Nie wiem co co robić. Agnieszka,0,2,A1,Polish
175,Escreva um email ao seu gestor sobre uma alteração no cronograma do projeto.,"Olá colegas, Quero informar-vos sobre o fornecedor. É que importante todos saibam. Se tiverem perguntas, digam-me. Obrigado, Maria",2,1,A2,Portuguese
643,Γράψτε ένα email στην υποστήριξη IT σχετικά με πρόβλημα εγκατάστασης λογισμικού.,"Αξιότιμε Κατερίνα Χρήστου,

Λαμβάνοντας υπόψη τις πρόσφατες εξελίξεις σχετικά με την πολιτική προσωπικού, κρίνω απαραίτητο να σας παρουσιάσω μια εκτενή ανάλυση της τρέχουσας κατάστασης και των πιθανών ενεργειών που μπορούμε να αναλάβουμε ως οργανισμός.

Από την ανάλυση των δεδομένων προκύπτει ότι τα αποτελέσματα του προηγούμενου τριμήνου ξεπέρασαν τις προσδοκίες, με αύξηση 15% στην παραγωγικότητα σε σύγκριση με την αντίστοιχη περίοδο του προηγούμενου έτους.

Ωστόσο, υπάρχουν ορισμένα σημεία που χρήζουν περαιτέρω εξέτασης. Πρώτον, η επεκτασιμότητα της τρέχουσας υποδομής ενδέχεται να αποτελέσει σημείο συμφόρησης.

Με εκτίμηση,
Κατερίνα
SmartCore",4,2,C1,Greek
426,Scrivi un'email al tuo manager riguardo un cambiamento nella tempistica del progetto.,"Gentile Matteo Mariino, Le scrivo in merito a i problemi tecnici. Dopo aver esaminato la situazione, ritengo che dobbiamo prendere provvedimenti. Sarebbe opportuno se potessimo discuterne la prossima settimana. Può farmi sapere quando è disponibile per un breve incontro? Propongo martedì o mercoledì, ma sono flessibile. Cordiali saluti, Matteo CyberLink",2,3,B1,Italian
673,Escreva um email convidando colegas para um evento de networking.,"Estimado Ricardo Martins,

À luz dos recentes desenvolvimentos relativos a a reunião, considero necessário apresentar-lhe uma análise abrangente da situação atual e das possíveis ações que a nossa organização pode empreender.

Da análise dos dados resulta que os resultados do último trimestre superaram as expectativas, registando um aumento de 15% na produtividade em comparação com o mesmo período do ano anterior. Isto deve-se em grande parte à implementação bem-sucedida do novo sistema e à dedicação de toda a equipa.

Contudo, existem alguns aspetos que merecem uma análise mais aprofundada, incluindo a escalabilidade da infraestrutura atual.

Com os melhores cumprimentos,
Ricardo
InfoBridge",3,4,C1,Portuguese
5,Scrivi un'email di benvenuto per un nuovo dipendente che si unisce al tuo team.,"Ciao Romano, Io sono Francesca. Francesca. voglio il ritardo. Grazie. Saluti",1,2,A1,Italian
316,Napisz e-mail zapraszający kolegów na wydarzenie networkingowe.,"Szanowny Krzysztof Woźniak, Piszę do Pana w sprawie biuro. Po przeanalizowaniu sytuacji uważam, że powinniśmy podjąć działania. Byłoby dobrze, gdybyśmy mogli to omówić w przyszłym tygodniu. Czy może Pan poinformować mniie, kiedy jest dostępny na krótkie spotkanie? Proponuję wtorek lub środę, ale jestem elastyczny. Z poważaniem, Krzysztof TechNova",2,2,B1,Polish
323,Scrivi un'email fornendo feedback su una recente sessione di formazione.,"Gentile Chiara Conti, Le scrivo in merito a la formazione. Dopo aver esaminato la situazione, ritengo che dobbiamo prendere provvedimenti. Sarrebbe opportuno se potessimo discuterne la prossima settimana. Può farmi sapere quando è disponibile per un breve incontro? Propongo martedì o mercoledì, ma sono flessibile. Cordiali saluti, Chiara DataSphere",4,2,B1,Italian
375,Napisz e-mail z prośbą o zwrot pieniędzy za wadliwy produkt.,"Szanowny Jan Kowalski, Piszę do Pana w sprawie wprowadzenie produktu. Po przeanalizowaniu sytuacji uważam, że powinniśmy podjąć działania. Byłoby dobrze, gdybyśmy moggli to omówić w przyszłym tygodniu. Czy może Pan poinformować mnie, kiedy jest dostępny na krótkie spotkanie? Proponuję wtorek lub środę, ale jestem elastyczny. Z poważaniem, Jan InfoBridge",3,2,B1,Polish
878,Scrivi un'email a un cliente in risposta al suo reclamo per una consegna in ritardo.,"Egregio Marco Rossi,

Ho il piacere di presentarle una valutazione esaustiva di il lancio del prodotto, nella quale non mi limito a contestualizzare i risultati raggiunti, ma illumino altresì le implicazioni strategiche che potrebbero rivelarsi determinanti per il nostro futuro orientamento.

I risultati del periodo trascorso testimoniano un progresso notevole su molteplici fronti. L'efficienza operativa è aumentata del 23%, il che è riconducibile non soltanto all'ottimizzazione dei processi lavorativi, ma anche all'atteggiamento proattivo del nostro team nell'identificare ed eliminare le inefficienze.

Sarebbe per me un onore poter approfondire questi risultati nel corso del nostro prossimo incontro.

Distinti saluti,
Marco
InfoBridge",5,3,C2,Italian
135,Γράψτε ένα email ανακοινώνοντας νέα εταιρική πολιτική για τηλεργασία.,"Αγαπητέ Ελένη Κωνσταντίνου, Έχω πρόβλημα. πρόβλημα. Θέλω βοήθεια την κυκλοφορία προϊόντος. Μπορείτε βοηθήσετε;",1,0,A1,Greek
814,Schrijf een e-mail om uw excuses aan te bieden voor het missen van een geplande vergadering.,"Geachte Kees Bakker,

Met genoegen presenteer ik u hierbij een uitvoerige evaluatie van het personeelsbeleid, waarbij ik niet alleen de bereikte resultaten in perspectief plaats, maar tevens de strategische implicaties belicht die van doorslaggevend belang kunnen zijn voor onze toekomstige koers.

De resultaten van de afgelopen periode getuigen van een opmerkelijke vooruitgang op meerdere fronten. De operationele efficiëntie is met 23% toegenomen, hetgeen niet alleen te danken is aan de geoptimaliseerde werkprocessen, maar ook aan de proactieve houding van ons team bij het identificeren en elimineren van inefficiënties.

Wat betreft de technologische infrastructuur hebben wij een solide fundament gelegd waarop toekomstige innovaties kunnen worden gebouwd. De architectuur is zodanig ontworpen dat deze schaalbaar en toekomstbestendig is, waardoor wij flexibel kunnen inspelen op veranderende marktomstandigheden.

Ik nodig u van harte uit om deze bevindingen tijdens ons aanstaande overleg nader te bespreken, zodat wij gezamenlijk de meest optimale strategie kunnen formuleren.

Hoogachtend,
Kees
FlexiTech",4,4,C2,Dutch
293,Schrijf een e-mail met een verzoek om terugbetaling voor een defect product.,"team, Hallo Ik over schrijf de klantenservice. We moeten vergaderen volgende week om dit te bespreken. Graag uw beschikbaarheid doorgeven. Bedankt, Lisa",3,1,A2,Dutch
145,Schrijf een e-mail aan IT-ondersteuning over een probleem met de software-installatie.,"Hallo, Ik ben ben nieuw hier. wil graag de training. u wel. Pieter",1,2,A1,Dutch
528,Schrijf een e-mail met een verzoek om terugbetaling voor een defect product.,"Beste collega's, Hierbij nodig ik u uit voor onze kwartaalvergadering over het kantoor. De vergadering zal plaatsvinden op donderdag 15 maart om 14:00 uur in vergaderzaal 3. De agenda omvat de volgende punten: 1. Projectvoortgang en mijlpalen 2. Budgetoverzicht en financiële prognose 3. Teamuitbreiding en nieuuwe aanwervingen 4. Eventuele vragen en overige punten Gelieve uw beschikbaarheid te bevestigen voor woensdag 12 maart. Indien u niet aanwezig kunt zijn, kunt u uw input vooraf per e-mail delen. Met vriendelijke groet, Sophie",3,2,B2,Dutch
781,Schrijf een e-mail om collega's uit te nodigen voor een netwerkevenement.,"Geachte Kees Bakker,

Met genoegen presenteer ik u hierbij een uitvoerige evaluatie van de productlancering, waarbij ik niet alleen de bereikte resultaten in perspectief plaats, maar tevens de strategische implicaties belicht die van doorslaggevend belang kunnen zijn voor onze toekomstige koers.

De resultaten van de afgelopen periode getuigen van een opmerkelijke vooruitgang op meerdere fronten. De operationele efficiëntie is met 23% toegenomen, hetgeen niet alleen te danken is aan de geoptimaliseerde werkprocessen, maar ook aan de proactieve houding van ons team bij het identificeren en elimineren van inefficiënties.

Wat betreft de technologische infrastructuur hebben wij een solide fundament gelegd waarop toekomstige innovaties kunnen worden gebouwd. De architectuur is zodanig ontworpen dat deze schaalbaar en toekomstbestendig is, waardoor wij flexibel kunnen inspelen op veranderende marktomstandigheden.

Ik nodig u van harte uit om deze bevindingen tijdens ons aanstaande overleg nader te bespreken, zodat wij gezamenlijk de meest optimale strategie kunnen formuleren.

Hoogachtend,
Kees
DigiWave",5,4,C2,Dutch
682,Γράψτε ένα email σε προμηθευτή ζητώντας προσφορά για χύμα υλικά.,"Αξιότιμε Γιώργος Παπαδόπουλος,

Λαμβάνοντας υπόψη τις πρόσφατες εξελίξεις σχετικά με τον προμηθευτή, κρίνω απαραίτητο να σας παρουσιάσω μια εκτενή ανάλυση της τρέχουσας κατάστασης και των πιθανών ενεργειών που μπορούμε να αναλάβουμε ως οργανισμός.

Από την ανάλυση των δεδομένων προκύπτει ότι τα αποτελέσματα του προηγούμενου τριμήνου ξεπέρασαν τις προσδοκίες, με αύξηση 15% στην παραγωγικότητα σε σύγκριση με την αντίστοιχη περίοδο του προηγούμενου έτους.

Ωστόσο, υπάρχουν ορισμένα σημεία που χρήζουν περαιτέρω εξέτασης. Πρώτον, η επεκτασιμότητα της τρέχουσας υποδομής ενδέχεται να αποτελέσει σημείο συμφόρησης.

Με εκτίμηση,
Γιώργος
OptiSoft",3,3,C1,Greek
830,Escreva um email ao seu gestor solicitando licença para a próxima semana.,"Estimado Sofia Rodrigues,

Tenho o prazer de lhe apresentar uma avaliação exaustiva de a política de pessoal, na qual não me circunscrevo apenas à contextualização dos resultados alcançados, mas ilumino igualmente as implicações estratégicas que poderão revelar-se determinantes para a nossa orientação futura.

Os resultados do período transato constituem testemunho de um progresso notável em múltiplas frentes. A eficiência operacional registou um incremento de 23%, o que se deve não apenas à otimização dos processos de trabalho, mas também à postura proativa da nossa equipa na identificação e eliminação de ineficiências.

Seria para mim uma honra poder aprofundar estas conclusões durante o nosso próximo encontro.

Com os mais elevados cumprimentos,
Sofia
SmartCore",5,3,C2,Portuguese
164,Γράψτε ένα email αναφέροντας ένα σφάλμα λογισμικού στην ομάδα ανάπτυξης.,"Αγαπητέ Δημήτρης Γεωργίου, Σας γράφω γιατί χρειάζομαι βοήθεια με τον προμηθευτή. Είναι σημαντικό πρόβλημα και ελπίζω μπορείτε να να με Περιμένω βοηθήσετε. την απάντησή σας. Με εκτίμηση, Δημήτρης",3,2,A2,Greek
722,Escreva um email a um fornecedor solicitando um orçamento para materiais a granel.,"Estimado Maria Santos,

À luz dos recentes desenvolvimentos relativos a o orçamento, considero necessário apresentar-lhe uma análise abrangente da situação atual e das possíveis ações que a nossa organização pode empreender.

Da análise dos dados resulta que os resultados do último trimestre superaram as expectativas, registando um aumento de 15% na produtividade em comparação com o mesmo período do ano anterior. Isto deve-se em grande parte à implementação bem-sucedida do novo sistema e à dedicação de toda a equipa.

Contudo, existem alguns aspetos que merecem uma análise mais aprofundada, incluindo a escalabilidade da infraestrutura atual.

Com os melhores cumprimentos,
Maria
SmartCore",3,3,C1,Portuguese
889,Scrivi un'email proponendo una nuova idea per una campagna di marketing.,"Egregio Giulia Bianchi,

Ho il piacere di presentarle una valutazione esaustiva di la riunione, nella quale non mi limito a contestualizzare i risultati raggiunti, ma illumino altresì le implicazioni strategiche che potrebbero rivelarsi determinanti per il nostro futuro orientamento.

I risultati del periodo trascorso testimoniano un progresso notevole su molteplici fronti. L'efficienza operativa è aumentata del 23%, il che è riconducibile non soltanto all'ottimizzazione dei processi lavorativi, ma anche all'atteggiamento proattivo del nostro team nell'identificare ed eliminare le inefficienze.

Sarebbe per me un onore poter approfondire questi risultati nel corso del nostro prossimo incontro.

Distinti saluti,
Giulia
OptiSoft",5,3,C2,Italian
438,Napisz e-mail do wsparcia IT dotyczący problemu z instalacją oprogramowania.,"Szanowny Anna Nowak, Piszę do Pana w sprawie fakturę. Po przeanalizowaniu sytuacji uważam, że powinniśmy podjąć działłania. Byłoby dobrze, gdybyśmy mogli to omówić w przyszłym tygodniu. Czy może Pan poinformować mnie, kiedy jest dostępny na krótkie spotkanie? Proponuję wtorek lub środę, ale jestem elastyczny. Z poważaniem, Anna NetPro",2,3,B1,Polish
65,Napisz e-mail zgłaszający błąd oprogramowania do zespołu programistów.,"Witam Tomasz Kamiński, Jestem Tomasz. Chcę Dziękuję.",1,0,A1,Polish
471,Escreva um email de boas-vindas para um novo funcionário que se junta à sua equipa.,"Caro João Silva, Na sequência da nossa recente conversa sobre o problema de qualidade, gostaria de lhe fornecer uma atualização detalhada sobre a situação atual. Fizemos progressos significativos na área da implementação. A equipa concluiu com sucesso a primeira fase e estamos agora a trabalhar na segunda. Surgiram alguns problemas menores, que já foram resolvidos. Proponho que agendemos uma reunião para a próxima semana para discutir os resultados e definir os próximos passos. Com os melhores cumprimentos, João InfoBridge",5,3,B2,Portuguese
187,Escreva um email para a sua equipa solicitando uma reunião na próxima terça-feira para discutir o progresso do projeto.,"Olá colegas, informar-vos Quero sobre o serviço ao cliente. importante É que todos saibam. Se tiverem perguntas, digam-me. Obrigado, Sofia",3,1,A2,Portuguese
1,Schrijf een e-mail aan IT-ondersteuning over een probleem met de software-installatie.,Beste Beste Ik heb problem. Ik wil hulp met de productlancering.,0,0,A1,Dutch
851,Γράψτε ένα email ανακοίνωσης HR για την ετήσια αθλητική ημέρα της εταιρείας.,"Αξιότιμε Κατερίνα Χρήστου,

Με ιδιαίτερη ικανοποίηση σας παρουσιάζω μια εμπεριστατωμένη αξιολόγηση του την καθυστέρηση, στην οποία δεν περιορίζομαι μόνο στην ανάδειξη των επιτευγμάτων μας, αλλά φωτίζω ταυτόχρονα τις στρατηγικές προεκτάσεις που δύνανται να καθορίσουν την μελλοντική μας πορεία.

Τα αποτελέσματα της παρελθούσας περιόδου αποτελούν τεκμήριο αξιοσημείωτης προόδου σε πολλαπλά μέτωπα. Η λειτουργική αποδοτικότητα αυξήθηκε κατά 23%, γεγονός που οφείλεται τόσο στη βελτιστοποίηση των εργασιακών διαδικασιών όσο και στην προδραστική στάση της ομάδας μας.

Θα ήταν τιμή μου να συζητήσουμε αυτά τα ευρήματα κατά τη διάρκεια της επερχόμενης συνάντησής μας.

Με τιμή,
Κατερίνα
DigiWave",4,4,C2,Greek
794,Scrivi un'email con un aggiornamento sullo stato del progetto per la revisione trimestrale.,"Egregio Elena Ricci,

Ho il piacere di presentarle una valutazione esaustiva di il nuovo software, nella quale non mi limito a contestualizzare i risultati raggiunti, ma illumino altresì le implicazioni strategiche che potrebbero rivelarsi determinanti per il nostro futuro orientamento.

I risultati del periodo trascorso testimoniano un progresso notevole su molteplici fronti. L'efficienza operativa è aumentata del 23%, il che è riconducibile non soltanto all'ottimizzazione dei processi lavorativi, ma anche all'atteggiamento proattivo del nostro team nell'identificare ed eliminare le inefficienze.

Sarebbe per me un onore poter approfondire questi risultati nel corso del nostro prossimo incontro.

Distinti saluti,
Elena
FlexiTech",4,4,C2,Italian
638,Napisz e-mail z prośbą o zwrot pieniędzy za wadliwy produkt.,"Szanowny Panie Anna Nowak,

W świetle ostatnich wydarzeń dotyczących biuro, uważam za konieczne przedstawienie Panu obszernej analizy obecnej sytuacji oraz możliwych działań, jakie nasza organizacja może podjąć.

Z analizy danych wynika, że wyniki ostatniego kwartału przekroczyły oczekiwania, odnotowując wzrost produktywności o 15% w porównaniu z analogicznym okresem ubiegłego roku. Jest to w dużej mierze zasługą pomyślnego wdrożenia nowego systemu oraz zaangażowania całego zespołu.

Niemniej jednak istnieją pewne kwestie wymagające dalszej analizy, w tym skalowalność obecnej infrastruktury.

Z wyrazami szacunku,
Anna
FlexiTech",4,4,C1,Polish
664,Escreva um email com uma atualização do estado do projeto para a revisão trimestral.,"Estimado Beatriz Sousa,

À luz dos recentes desenvolvimentos relativos a a fatura, considero necessário apresentar-lhe uma análise abrangente da situação atual e das possíveis ações que a nossa organização pode empreender.

Da análise dos dados resulta que os resultados do último trimestre superaram as expectativas, registando um aumento de 15% na produtividade em comparação com o mesmo período do ano anterior. Isto deve-se em grande parte à implementação bem-sucedida do novo sistema e à dedicação de toda a equipa.

Contudo, existem alguns aspetos que merecem uma análise mais aprofundada, incluindo a escalabilidade da infraestrutura atual.

Com os melhores cumprimentos,
Beatriz
OptiSoft",4,4,C1,Portuguese
649,Γράψτε ένα email ανακοίνωσης HR για την ετήσια αθλητική ημέρα της εταιρείας.,"Αξιότιμε Μαρία Αντωνίου,

Λαμβάνοντας υπόψη τις πρόσφατες εξελίξεις σχετικά με τον προϋπολογισμό, κρίνω απαραίτητο να σας παρουσιάσω μια εκτενή ανάλυση της τρέχουσας κατάστασης και των πιθανών ενεργειών που μπορούμε να αναλάβουμε ως οργανισμός.

Από την ανάλυση των δεδομένων προκύπτει ότι τα αποτελέσματα του προηγούμενου τριμήνου ξεπέρασαν τις προσδοκίες, με αύξηση 15% στην παραγωγικότητα σε σύγκριση με την αντίστοιχη περίοδο του προηγούμενου έτους.

Ωστόσο, υπάρχουν ορισμένα σημεία που χρήζουν περαιτέρω εξέτασης. Πρώτον, η επεκτασιμότητα της τρέχουσας υποδομής ενδέχεται να αποτελέσει σημείο συμφόρησης.

Με εκτίμηση,
Μαρία
SmartCore",4,3,C1,Greek
394,Schrijf een e-mail aan IT-ondersteuning over een probleem met de software-installatie.,"Beste Lisa Dekker, Bedankt voor uw bericht over de productlancering. Ik heb de informatie bestudeerd en heb enkele opmerkinngen die ik graag met u wil delen. Ten eerste, ik denk dat we het budget opnieuw moeten bekijken. Ten tweede, de tijdlijn moet aangepast worden. Kunt u mij hier feedback over geven? Met vriendelijke groet, Liisa",3,3,B1,Dutch
157,Γράψτε ένα email αναφέροντας ένα σφάλμα λογισμικού στην ομάδα ανάπτυξης.,"Αγαπητέ Αθηνά Σταθοπούλου, Σας γράφω γιατί χρειάζομαι βοήθεια με το πρόβλημα ποιότητας. Είναι σημαντικό πρόβλημα και ελπίζω να μπορείτε να με βοηθήσετε. Περιμένω την απάντησή σας. Με εκτίμηση, Αθηνά",3,1,A2,Greek
405,Escreva um email ao departamento de compras solicitando novos monitores de escritório.,"Caro Miguel Pereira, Estou a escrever-lhe a respeito de o escritório. Após analisar a situação, acredito que devemos tomar medidas. Seria bom se pudéssemos discutir isto na próxima semana. Pode informar-me quando está disponível parra uma breve reunião? Sugiro terça ou quarta-feira, mas sou flexível. Com os melhores cumprimentos, Miguel DataSphere",2,2,B1,Portuguese
297,Scrivi un'email al tuo team richiedendo una riunione martedì prossimo per discutere i progressi del progetto.,"Gentile Francesca Romano, Le scrivo perché ho bisogno di aiuto con il progetto. È un problema importante e spero che possa aiutarmi. Aspetto la sua risposta. Cordiali saluti, Francesca",2,2,A2,Italian
243,Napisz e-mail z prośbą o zwrot pieniędzy za wadliwy produkt.,"Witam kolegów, Chcę was poinformować o opóźnienie. To ważne, jest żeby wszyscy wiedzieli. macie Jeśli pytania, dajcie mi znać. Dziękuję, Agnieszka",2,1,A2,Polish
442,Escreva um email pedindo desculpas por ter faltado a uma reunião agendada.,"Caro Beatriz Sousa, Estou a escrever-lhe a respeito de a campanha de marketing. Após analisar a situação, acredito que devemos tomar medidas. Seria bom se pudéssemos discutir isto na próxima semana. Pode informar-me quando está disponível para uma breve reunião? Sugiro terça ou quarta-feira, mas sou flexível. Com os melhores cumprimentos, Beatriz SmartCore",3,2,B1,Portuguese
475,Napisz e-mail do wsparcia IT dotyczący problemu z instalacją oprogramowania.,"Szanowny Krzysztof Woźniak, W nawiązaniu do naszej ostatniej rozmowy na temat nowe oprogramowanie, chciałbym przedstawić Panu szczegółową aktualizację obecnego stanu rzeczy. Poczyniliśmy znaczące postępy w zakresie wdrożenia. Zespół pomyślnie zakończył pierwszy etap i obecnie jesteśmy w trakcie realizacji drugiego. Wystąpiło kilka drobnych problemów, które zostały już rozwiązane. Proponuję, abyśmy zaplanowali spotkanie w przyszłym tygodniu w celu omówienia wyników i ustalenia kolejnych kroków. Z poważaniem, Krzysztof CyberLink",3,2,B2,Polish
73,Γράψτε ένα email προτείνοντας μια νέα ιδέα για εκστρατεία μάρκετινγκ.,"Αγαπητέ Δημητρίου, Έχω πρόβλημα. Θέλω βοήθεια βοήθεια το γραφείο. Μπορείτε βοηθήσετε; Ευχαριστώ",1,2,A1,Greek
117,Schrijf een e-mail naar een leverancier met een verzoek om een offerte voor bulkmateriaal.,"Pieter Jansen, heb problem. Ik wil hulp met de klantenservice.",0,0,A1,Dutch
567,Scrivi un'email proponendo una nuova idea per una campagna di marketing.,"Gentile Andrea Colombo, In seguito alla nostra recente conversazione riguardo a il ritardo, desidero fornirle un aggiornamento dettagliato sullo stato attuale della situazione. Abbiamo compiuto progressi significativi nell'ambito dell'implementazione. Il team ha completato con successo la prima fase e siamo attualmente impegnati nella seconda. Si sono verificati alcuni problemi minori, che sono stati nel frattempo risolti. Propongo di programmare un incontro la prossima settimana per discutere i risultati e definire i prossimi passi. Cordiali saluti, Andrea DigiWave",4,3,B2,Italian
296,Schrijf een e-mail om collega's uit te nodigen voor een netwerkevenement.,"Beste Eva Meijer, schrijf Ik u omdat ik hulp nodig met heb de leverancier. Het is een belangrijk probleem en ik hoop dat u mij kan helpen. Ik wacht op uw Met antwoord. vriendelijke groet, Eva",2,3,A2,Dutch
801,Scrivi un'email per ricordare a un cliente una scadenza di fattura imminente.,"Egregio Sara Greco,

Ho il piacere di presentarle una valutazione esaustiva di il lancio del prodotto, nella quale non mi limito a contestualizzare i risultati raggiunti, ma illumino altresì le implicazioni strategiche che potrebbero rivelarsi determinanti per il nostro futuro orientamento.

I risultati del periodo trascorso testimoniano un progresso notevole su molteplici fronti. L'efficienza operativa è aumentata del 23%, il che è riconducibile non soltanto all'ottimizzazione dei processi lavorativi, ma anche all'atteggiamento proattivo del nostro team nell'identificare ed eliminare le inefficienze.

Sarebbe per me un onore poter approfondire questi risultati nel corso del nostro prossimo incontro.

Distinti saluti,
Sara
OptiSoft",4,4,C2,Italian
550,Schrijf een e-mail naar een klant als reactie op hun klacht over een vertraagde levering.,"Beste collega's, Hierbij nodig ik u uit voor onze kwartaalvergadering over de leverancier. De vergadering zal plaatsvinden op donderdag 15 maart om 14:00 uur in vergaderzaal 3. De agenda omvat de volgende punten: 1. Projectvoortgang en mijlpalen 2. Budgetoverzicht en financiële prognose 3. Teamuitbreiding en nieuwe aanwervingen 4. Eventuele vragen en overige punten Gelieve uw beschikbaarheid te bevestigen voor woensdag 12 maart. Indien u niet aanwezig kunt zijn, kunt u uw input vooraf per e-mail delen. Met vriendelijke groet, Eva",4,3,B2,Dutch
900,Escreva um email anunciando uma nova política da empresa sobre trabalho remoto.,"Estimado Inês Almeida,

Tenho o prazer de lhe apresentar uma avaliação exaustiva de a formação, na qual não me circunscrevo apenas à contextualização dos resultados alcançados, mas ilumino igualmente as implicações estratégicas que poderão revelar-se determinantes para a nossa orientação futura.

Os resultados do período transato constituem testemunho de um progresso notável em múltiplas frentes. A eficiência operacional registou um incremento de 23%, o que se deve não apenas à otimização dos processos de trabalho, mas também à postura proativa da nossa equipa na identificação e eliminação de ineficiências.

Seria para mim uma honra poder aprofundar estas conclusões durante o nosso próximo encontro.

Com os mais elevados cumprimentos,
Inês
OptiSoft",5,4,C2,Portuguese
591,Scrivi un'email richiedendo un rimborso per un prodotto difettoso.,"Gentile Davide Gallo, In seguito alla nostra recente conversazione riguardo a il lancio del prodotto, desidero fornirle un aggiornamento dettagliato sullo stato attuale della situazione. Abbiamo compiuto progressi significativi nell'ambito dell'implementazione. Il team ha completato con successo la prima fase e siamo attualmente impegnati nella seconda. Si sono verificati alcuni problemi minori, che sono stati nel frattempo risolti. Propongo di programmare un incontro la prossima settimana per discutere i risultati e definire i prossimi passi. Cordiali saluti, Davide CloudMax",4,3,B2,Italian
77,Scrivi un'email di annuncio HR sulla giornata sportiva annuale dell'azienda.,Ciao Francesca Io sono Francesca. Io voglio la la riunione. Saluti,1,1,A1,Italian
756,Escreva um email agradecendo a um cliente pela sua contínua colaboração.,"Estimado Inês Almeida,

Tenho o prazer de lhe apresentar uma avaliação exaustiva de o orçamento, na qual não me circunscrevo apenas à contextualização dos resultados alcançados, mas ilumino igualmente as implicações estratégicas que poderão revelar-se determinantes para a nossa orientação futura.

Os resultados do período transato constituem testemunho de um progresso notável em múltiplas frentes. A eficiência operacional registou um incremento de 23%, o que se deve não apenas à otimização dos processos de trabalho, mas também à postura proativa da nossa equipa na identificação e eliminação de ineficiências.

Seria para mim uma honra poder aprofundar estas conclusões durante o nosso próximo encontro.

Com os mais elevados cumprimentos,
Inês
DataSphere",4,3,C2,Portuguese
474,Γράψτε ένα email ζητώντας επιστροφή χρημάτων για ελαττωματικό προϊόν.,"Αγαπητέ Νίκος Δημητρίου, Σε συνέχεια της πρόσφατης συζήτησής μας σχετικά με την πολιτική προσωπικού, θα ήθελα να σας ενημερώσω λεπτομερώς για την τρέχουσα κατάσταση. Έχουμε σημειώσει σημαντική πρόοδο στον τομέα της υλοποίησης. Η ομάδα ολοκλήρωσε επιτυχώς το πρώτο στάδιο και βρισκόμαστε τώρα στο δεύτερο. Αντιμετωπίσαμε ορισσμένα μικρά προβλήματα, τα οποία έχουν πλέον επιλυθεί. Προτείνω να προγραμματίσουμε μια συνάντηση την επόμενη εβδομάδα για να συζητήσουμε τα αποτελέσματα. Με εκτίμηση, Νίκος OptiSoft",4,3,B2,Greek
455,Scrivi un'email con un aggiornamento sullo stato del progetto per la revisione trimestrale.,"Gentile Francesca Romano, In seguito alla nostra recente conversazione riguardo a il problema di qualità, desidero fornirle un aggiornamento dettagliato sullo stato attuale della situazione. Abbiamo compiuto progressi significativi nell'ambito dell'impleementazione. Il team ha completato con successo la prima fase e siamo attualmente impegnati nella seconda. Si sono verificati alcuni problemi minori, che sono stati nel frattempo risolti. Propongo di programmare un incontro la prossima settimana per discutere i risultati e definire i prossimi passi. Cordiali saluti, Francesca CyberLink",3,4,B2,Italian
714,Escreva um email ao suporte de TI sobre um problema de instalação de software.,"Estimado Carlos Oliveira,

À luz dos recentes desenvolvimentos relativos a os problemas técnicos, considero necessário apresentar-lhe uma análise abrangente da situação atual e das possíveis ações que a nossa organização pode empreender.

Da análise dos dados resulta que os resultados do último trimestre superaram as expectativas, registando um aumento de 15% na produtividade em comparação com o mesmo período do ano anterior. Isto deve-se em grande parte à implementação bem-sucedida do novo sistema e à dedicação de toda a equipa.

Contudo, existem alguns aspetos que merecem uma análise mais aprofundada, incluindo a escalabilidade da infraestrutura atual.

Com os melhores cumprimentos,
Carlos
InfoBridge",5,4,C1,Portuguese
454,Scrivi un'email richiedendo un rimborso per un prodotto difettoso.,"Gentile Giulia Bianchi, In seguito alla nostra recente conversazione riguardo a i problemi tecnici, desidero fornirle un aggiornamento dettagliato sullo stato attuale della situazione. Abbiamo compiuto progressi significativi nell'ambito dell'implementazione. Il team ha completato con successo la prima fase e siamo attualmente impegnati nella seconda. Si sono verificati alcuni problemi minori, che sono stati nel frattempo risolti. Propongo di programmare un incontro la prossima settimana per discutere i risultati e definire i prossimi passi. Cordiali saluti, Giulia OptiSoft",3,4,B2,Italian
843,Scrivi un'email fornendo feedback su una recente sessione di formazione.,"Egregio Marco Rossi,

Ho il piacere di presentarle una valutazione esaustiva di la riunione, nella quale non mi limito a contestualizzare i risultati raggiunti, ma illumino altresì le implicazioni strategiche che potrebbero rivelarsi determinanti per il nostro futuro orientamento.

I risultati del periodo trascorso testimoniano un progresso notevole su molteplici fronti. L'efficienza operativa è aumentata del 23%, il che è riconducibile non soltanto all'ottimizzazione dei processi lavorativi, ma anche all'atteggiamento proattivo del nostro team nell'identificare ed eliminare le inefficienze.

Sarebbe per me un onore poter approfondire questi risultati nel corso del nostro prossimo incontro.

Distinti saluti,
Marco
DataSphere",5,4,C2,Italian
499,Γράψτε ένα email ανακοινώνοντας νέα εταιρική πολιτική για τηλεργασία.,"Αγαπητέ Ελένη Κωνσταντίνου, Σε συνέχεια της πρόσφατης συζήτησής μας σχετικά με το έργο, θα ήθελα να σας ενημερώσω λεπτομερώς για την τρέχουσα κατάσταση. Έχουμε σημειώσει σημαντική πρόοδο στον τομέα της υλοποίησης. Η ομάδα ολοκλήρωσε επιτυχώς το πρώτο στάδιο και βρισκόμαστε τώρα στο δεύτερο. Αντιμετωπίσαμε ορισμένα μικρά προβλήματα, τα οποία έχουν πλέον επιλυθεί. Προτείνω να προγραμματίσουμε μια συνάντηση την επόμενη εβδομάδα για να συζητήσουμε τα αποτελέσματα. Με εκτίμηση, Ελένη DataSphere",2,3,B2,Greek
286,Schrijf een e-mail met feedback over een recente trainingsessie.,"Hallo team, Ik schrijf over het We personeelsbeleid. moeten vergaderen volgende week om dit te bespreken. uw Graag beschikbaarheid doorgeven. Bedankt, Kees",2,2,A2,Dutch
759,Schrijf een e-mail met een voorstel voor een nieuw marketingcampagne-idee.,"Geachte Sophie Visser,

Met genoegen presenteer ik u hierbij een uitvoerige evaluatie van het kantoor, waarbij ik niet alleen de bereikte resultaten in perspectief plaats, maar tevens de strategische implicaties belicht die van doorslaggevend belang kunnen zijn voor onze toekomstige koers.

De resultaten van de afgelopen periode getuigen van een opmerkelijke vooruitgang op meerdere fronten. De operationele efficiëntie is met 23% toegenomen, hetgeen niet alleen te danken is aan de geoptimaliseerde werkprocessen, maar ook aan de proactieve houding van ons team bij het identificeren en elimineren van inefficiënties.

Wat betreft de technologische infrastructuur hebben wij een solide fundament gelegd waarop toekomstige innovaties kunnen worden gebouwd. De architectuur is zodanig ontworpen dat deze schaalbaar en toekomstbestendig is, waardoor wij flexibel kunnen inspelen op veranderende marktomstandigheden.

Ik nodig u van harte uit om deze bevindingen tijdens ons aanstaande overleg nader te bespreken, zodat wij gezamenlijk de meest optimale strategie kunnen formuleren.

Hoogachtend,
Sophie
OptiSoft",5,4,C2,Dutch
283,Γράψτε ένα email ευχαριστώντας έναν πελάτη για τη συνεχή συνεργασία.,"Αγαπητέ Πέτρος Ιωάννου, Σας γράφω χρειάζομαι γιατί βοήθεια με το έργο. Είναι σημαντικό πρόβλημα και ελπίζω να μπορείτε να με Περιμένω βοηθήσετε. την απάντησή σας. Με εκτίμηση, Πέτρος",3,2,A2,Greek
121,Napisz e-mail przypominający klientowi o zbliżającym się terminie płatności faktury.,"Witam Lewandowska, Jestem Katarzyna. Katarzyna. Chcę opóźnienie. Dziękuję. Pozdrawiam",2,2,A1,Polish
308,Scrivi un'email al team acquisti richiedendo nuovi monitor per l'ufficio.,"Gentile Sara Greco, Le scrivo in merito a la riunione. Dopo aver esaminato la situazione, ritengo che dobbiamo prendere provvedimenti. Sarebbe opportuno se potessimo discuterne la prossima settimana. Può farmi sapere quando è disponibile per un breve incontro? Propongo martedì o mercoledì, ma sono flessibile. Cordiali saluti, Sara NetPro",3,3,B1,Italian
460,Napisz e-mail do dostawcy z prośbą o wycenę materiałów hurtowych.,"Szanowny Marek Zieliński, W nawiązaniu do naszej ostatniej rozmowy na temat opóźnienie, chciałbym przedstawić Panu szczegółową aktualizację obecnego stanu rzeczy. Poczyniliśmy znaczące postępy w zakresie wdrożenia. Zespół pomyślnie zakończył pierwszy etap i obecnie jesteśmy w trakcie realizacji drugiego. Wystąpiło kilka drobnych problemów, które zostały już rozwiązane. Proponuję, abyśmy zaplanowali spotkanie w przyszłym tygodniu w celu omówienia wyników i ustalenia kolejnych kroków. Z poważaniem, Marek FlexiTech",3,3,B2,Polish
102,Γράψτε ένα email καλωσορίσματος για νέο υπάλληλο που εντάσσεται στην ομάδα σας.,"Γεια Γεια σας Γιώργος Παπαδόπουλος, Είμαι Θέλω την εκστρατεία Ευχαριστώ. Χαιρετισμούς.",0,2,A1,Greek
93,Scrivi un'email di annuncio HR sulla giornata sportiva annuale dell'azienda.,Gentile Andrea Ho problema. Voglio aiuto con la campagna di marketing. Puoi Grazie. Grazie. Cordiali saluti,2,0,A1,Italian
170,Γράψτε ένα email δίνοντας σχόλια για μια πρόσφατη εκπαιδευτική συνεδρία.,"Αγαπητέ Νίκος Δημητρίου, Σας γράφω γιατί χρειάζομαι βοήθεια με το έργο. Είναι πρόβλημα σημαντικό και ελπίζω να μπορείτε να βοηθήσετε. με Περιμένω την απάντησή σας. Με εκτίμηση, Νίκος",2,1,A2,Greek
124,Escreva um email propondo uma nova ideia para uma campanha de marketing.,"Caro Pedro Costa, Tenho problema. problema. Quero com o Pode ajudar? Obrigado. Atenciosamente",1,2,A1,Portuguese
380,Escreva um email agradecendo a um cliente pela sua contínua colaboração.,"Caro Sofia Rodrigues, Estou a escrever-lhe a respeito de o fornecedor. Após analisar a situação, acredito que devemos tomar medidas. Seria bom se pudéssemos discutir isto na próóxima semana. Pode informar-me quando está disponível para uma breve reunião? Sugiro terça ou quarta-feira, mas sou flexível. Com os melhores cumprimentos, Sofia OptiSoft",3,3,B1,Portuguese
469,Scrivi un'email a un fornitore richiedendo un preventivo per materiali all'ingrosso.,"Gentile Giulia Bianchi, In seguito alla nostra recente conversazione riguardo a il nuovo software, desidero fornirle un aggiornamento dettagliato sullo stato attuale della situazione. Abbiamo compiuto progressi significativi nell'ambito dell'implementazione. Il team ha completato con successo la prima fase e siammo attualmente impegnati nella seconda. Si sono verificati alcuni problemi minori, che sono stati nel frattempo risolti. Propongo di programmare un incontro la prossima settimana per discutere i risultati e definire i prossimi passi. Cordiali saluti, Giulia DataSphere",3,4,B2,Italian
115,Schrijf een e-mail als vervolg op een eerder sollicitatiegesprek.,"Beste team, Ik de vergadering. Het is belangerijk.",1,0,A1,Dutch
509,Schrijf een e-mail aan IT-ondersteuning over een probleem met de software-installatie.,"Beste collega's, Hierbij nodig ik u uit voor onze kwartaalvergadering over de technische problemen. De vergadering zal plaatsvinden op donderdag 15 maart om 14:00 uur in vergaderzaal 3. De agenda omvat de volgende punten: 1. Projectvoortgang en mijlpalen 2. Budgetoverzicht en financiële prognose 3. Teamuitbreiding en nieuwe aanwervingen 4. Eventuele vragen en overige punten Gelieve uw beschikbaarheid te bevestigen voor woensdag 12 maart. Indien u niet aanwezig kunt zijn, kunt u uw input vooraf per e-mail delen. Met vriendelijke groet, Jan",3,3,B2,Dutch
427,Schrijf een e-mail met de aankondiging van een nieuw bedrijfsbeleid over thuiswerken.,"Beste collega's, Graag wil ik u informeren over de voortgang van de leverancier. We hebben goede resultaten behaald in de afgelopen periode, hoewel er nog enkele uitdagingen zijn. De volgende stappen zijn gepland voor de komende weken. Ik verwacht dat we de deadline kunnen halen, maar ik houd u op de hoogte als er wijzigingen zijn. Met vriendelijke groet, Kees",3,3,B1,Dutch
633,Γράψτε ένα email ζητώντας επιστροφή χρημάτων για ελαττωματικό προϊόν.,"Αξιότιμε Μαρία Αντωνίου,

Λαμβάνοντας υπόψη τις πρόσφατες εξελίξεις σχετικά με το τιμολόγιο, κρίνω απαραίτητο να σας παρουσιάσω μια εκτενή ανάλυση της τρέχουσας κατάστασης και των πιθανών ενεργειών που μπορούμε να αναλάβουμε ως οργανισμός.

Από την ανάλυση των δεδομένων προκύπτει ότι τα αποτελέσματα του προηγούμενου τριμήνου ξεπέρασαν τις προσδοκίες, με αύξηση 15% στην παραγωγικότητα σε σύγκριση με την αντίστοιχη περίοδο του προηγούμενου έτους.

Ωστόσο, υπάρχουν ορισμένα σημεία που χρήζουν περαιτέρω εξέτασης. Πρώτον, η επεκτασιμότητα της τρέχουσας υποδομής ενδέχεται να αποτελέσει σημείο συμφόρησης.

Με εκτίμηση,
Μαρία
CyberLink",4,3,C1,Greek
371,Escreva um email com uma atualização do estado do projeto para a revisão trimestral.,"Caro Inês Almeida, Estou a escrever-lhe a respeito de a fatura. Após analisar a situação, acredito que devemos tomar medidas. Seria bom se pudéssemos discutir isto na próxima semana. Pode informar-me quando está disponível para uma breve reunião? Sugiro terça ou quarta-feira, mas sou flexível. Com os melhores cumprimentos, Innês CloudMax",2,2,B1,Portuguese
800,Napisz e-mail przypominający klientowi o zbliżającym się terminie płatności faktury.,"Szanowny Panie Marek Zieliński,

Z przyjemnością przedstawiam Panu kompleksową ocenę projekt, w której nie ograniczam się jedynie do kontekstualizacji osiągniętych wyników, lecz jednocześnie rzucam światło na implikacje strategiczne, które mogą okazać się decydujące dla naszego przyszłego kierunku rozwoju.

Wyniki minionego okresu stanowią świadectwo godnego uwagi postępu na wielu frontach. Efektywność operacyjna wzrosła o 23%, co jest wynikiem nie tylko optymalizacji procesów roboczych, ale również proaktywnej postawy naszego zespołu w identyfikowaniu i eliminowaniu nieefektywności.

Byłoby mi niezmiernie miło móc omówić te ustalenia podczas naszego najbliższego spotkania.

Z wyrazami najwyższego szacunku,
Marek
DataSphere",4,4,C2,Polish
874,Scrivi un'email per ricordare a un cliente una scadenza di fattura imminente.,"Egregio Francesca Romano,

Ho il piacere di presentarle una valutazione esaustiva di la politica del personale, nella quale non mi limito a contestualizzare i risultati raggiunti, ma illumino altresì le implicazioni strategiche che potrebbero rivelarsi determinanti per il nostro futuro orientamento.

I risultati del periodo trascorso testimoniano un progresso notevole su molteplici fronti. L'efficienza operativa è aumentata del 23%, il che è riconducibile non soltanto all'ottimizzazione dei processi lavorativi, ma anche all'atteggiamento proattivo del nostro team nell'identificare ed eliminare le inefficienze.

Sarebbe per me un onore poter approfondire questi risultati nel corso del nostro prossimo incontro.

Distinti saluti,
Francesca
FlexiTech",4,4,C2,Italian
285,Schrijf een e-mail aan uw manager met het verzoek om verlof voor volgende week.,"Beste Sophie Visser, Bedankt voor uw e-mail. begrijp het Ik probleem met de training. Ik ga proberen om een oplossing vinden. te Ik neem snel contact op. Met vriendelijke groet, Sophie",1,1,A2,Dutch
386,Scrivi un'email fornendo feedback su una recente sessione di formazione.,"Gentile Marco Rossi, Le scrivo in merito a la formazione. Dopo aver esaminato la situazione, ritengo che dobbiamo prendere provvedimenti. Sarebbe opportuno se potessimo discuterne la prossima settimana. Può farmi sapere quando è disponiibile per un breve incontro? Propongo martedì o mercoledì, ma sono flessibile. Cordiali saluti, Marco SmartCore",3,2,B1,Italian
51,Γράψτε ένα email αναφέροντας ένα σφάλμα λογισμικού στην ομάδα ανάπτυξης.,"Δημήτρης Γεωργίου, Έχω πρόβλημα. Θέλω βοήθεια την εξυπηρέτηση πελατών. Μπορείτε βοηθήσετε; Ευχαριστώ Ευχαριστώ",1,0,A1,Greek
373,Schrijf een e-mail om een softwarefout te melden aan het ontwikkelingsteam.,"Beste Lisa Dekker, Ik schrijf u met betrekking tot de nieuwe software. Na het bekijken van de situatie, denk ik dat we actie moeten ondernemen. Het zou goed zijn als we dit volgendde week kunnen bespreken. Kunt u mij laten weten wanneer u beschikbaar bent voor een kort overleg? Ik stel voor dinsdag of woensdag, maar ik ben flexibel. Met vriendelijke groet, Lisa CyberLink",2,2,B1,Dutch
738,Schrijf een e-mail aan uw team met het verzoek om een vergadering volgende dinsdag om de projectvoortgang te bespreken.,"Geachte Jan de Vries,

Naar aanleiding van de recente ontwikkelingen rondom de training, acht ik het noodzakelijk om u een uitgebreide analyse te presenteren van de huidige situatie en de mogelijke stappen die wij als organisatie kunnen ondernemen.

Uit de data-analyse blijkt dat de resultaten van het afgelopen kwartaal de verwachtingen hebben overtroffen, met een stijging van 15% in productiviteit ten opzichte van dezelfde periode vorig jaar. Dit is grotendeels te danken aan de succesvolle implementatie van het nieuwe systeem en de toewijding van het gehele team.

Desalniettemin zijn er enkele aandachtspunten die nadere beschouwing verdienen. Ten eerste, de schaalbaarheid van de huidige infrastructuur kan een knelpunt vormen bij verdere groei. Ten tweede, de integratie met externe systemen verloopt trager dan oorspronkelijk gepland.

Ik zou willen voorstellen dat wij een strategische sessie organiseren om deze punten te bespreken en een concreet actieplan op te stellen.

Met vriendelijke groet,
Jan
OptiSoft",5,4,C1,Dutch
613,Schrijf een e-mail met feedback over een recente trainingsessie.,"Geachte Eva Meijer,

Naar aanleiding van de recente ontwikkelingen rondom het budget, acht ik het noodzakelijk om u een uitgebreide analyse te presenteren van de huidige situatie en de mogelijke stappen die wij als organisatie kunnen ondernemen.

Uit de data-analyse blijkt dat de resultaten van het afgelopen kwartaal de verwachtingen hebben overtroffen, met een stijging van 15% in productiviteit ten opzichte van dezelfde periode vorig jaar. Dit is grotendeels te danken aan de succesvolle implementatie van het nieuwe systeem en de toewijding van het gehele team.

Desalniettemin zijn er enkele aandachtspunten die nadere beschouwing verdienen. Ten eerste, de schaalbaarheid van de huidige infrastructuur kan een knelpunt vormen bij verdere groei. Ten tweede, de integratie met externe systemen verloopt trager dan oorspronkelijk gepland.

Ik zou willen voorstellen dat wij een strategische sessie organiseren om deze punten te bespreken en een concreet actieplan op te stellen.

Met vriendelijke groet,
Eva
SmartCore",4,4,C1,Dutch
746,Scrivi un'email a un cliente in risposta al suo reclamo per una consegna in ritardo.,"Egregio Davide Gallo,

Alla luce dei recenti sviluppi inerenti a i problemi tecnici, ritengo opportuno presentarle un'analisi approfondita della situazione corrente e delle possibili azioni che la nostra organizzazione potrebbe intraprendere.

Dall'analisi dei dati emerge che i risultati dell'ultimo trimestre hanno superato le aspettative, registrando un incremento del 15% nella produttività rispetto allo stesso periodo dell'anno precedente. Ciò è in gran parte attribuibile alla riuscita implementazione del nuovo sistema e alla dedizione dell'intero team.

Tuttavia, vi sono alcuni aspetti che meritano un'attenta valutazione, tra cui la scalabilità dell'infrastruttura attuale.

Cordiali saluti,
Davide
InfoBridge",4,4,C1,Italian
620,Schrijf een e-mail aan uw manager over een wijziging in de projectplanning.,"Geachte Lisa Dekker,

Naar aanleiding van de recente ontwikkelingen rondom de technische problemen, acht ik het noodzakelijk om u een uitgebreide analyse te presenteren van de huidige situatie en de mogelijke stappen die wij als organisatie kunnen ondernemen.

Uit de data-analyse blijkt dat de resultaten van het afgelopen kwartaal de verwachtingen hebben overtroffen, met een stijging van 15% in productiviteit ten opzichte van dezelfde periode vorig jaar. Dit is grotendeels te danken aan de succesvolle implementatie van het nieuwe systeem en de toewijding van het gehele team.

Desalniettemin zijn er enkele aandachtspunten die nadere beschouwing verdienen. Ten eerste, de schaalbaarheid van de huidige infrastructuur kan een knelpunt vormen bij verdere groei. Ten tweede, de integratie met externe systemen verloopt trager dan oorspronkelijk gepland.

Ik zou willen voorstellen dat wij een strategische sessie organiseren om deze punten te bespreken en een concreet actieplan op te stellen.

Met vriendelijke groet,
Lisa
DataSphere",4,3,C1,Dutch
403,Escreva um email relatando um erro de software para a equipa de desenvolvimento.,"Caro Ricardo Martins, Estou a escrever-lhe a respeito de o escritório. Após analisar a sittuação, acredito que devemos tomar medidas. Seria bom se pudéssemos discutir isto na próxima semana. Pode informar-me quando está disponível para uma breve reunião? Sugiro terça ou quarta-feira, mas sou flexível. Com os melhores cumprimentos, Ricardo OptiSoft",2,3,B1,Portuguese
723,Γράψτε ένα email προτείνοντας μια νέα ιδέα για εκστρατεία μάρκετινγκ.,"Αξιότιμε Ελένη Κωνσταντίνου,

Λαμβάνοντας υπόψη τις πρόσφατες εξελίξεις σχετικά με το πρόβλημα ποιότητας, κρίνω απαραίτητο να σας παρουσιάσω μια εκτενή ανάλυση της τρέχουσας κατάστασης και των πιθανών ενεργειών που μπορούμε να αναλάβουμε ως οργανισμός.

Από την ανάλυση των δεδομένων προκύπτει ότι τα αποτελέσματα του προηγούμενου τριμήνου ξεπέρασαν τις προσδοκίες, με αύξηση 15% στην παραγωγικότητα σε σύγκριση με την αντίστοιχη περίοδο του προηγούμενου έτους.

Ωστόσο, υπάρχουν ορισμένα σημεία που χρήζουν περαιτέρω εξέτασης. Πρώτον, η επεκτασιμότητα της τρέχουσας υποδομής ενδέχεται να αποτελέσει σημείο συμφόρησης.

Με εκτίμηση,
Ελένη
DigiWave",4,1,C1,Greek
581,Scrivi un'email al tuo manager richiedendo un permesso per la prossima settimana.,"Gentile Elena Ricci, In seguito alla nostra recente conversazione riguardo a la fattura, desidero fornirle un aggiornamento dettagliato sullo stato attuale della situazione. Abbiamo compiuto progressi significativi nell'ambito dell'implementazione. Il team ha completato con successo la prima fase e siamo attualmente impegnati nella seconda. Si sono verificati alcuni problemi minori, che sono stati nel frattempo risolti. Propongo di programmare un incontro la prossima settimana per discutere i risultati e definire i prossimi passi. Cordiali saluti, Elena FlexiTech",3,2,B2,Italian
629,Napisz e-mail do kierownika o zmianie harmonogramu projektu.,"Szanowny Panie Agnieszka Szymańska,

W świetle ostatnich wydarzeń dotyczących politykę kadrową, uważam za konieczne przedstawienie Panu obszernej analizy obecnej sytuacji oraz możliwych działań, jakie nasza organizacja może podjąć.

Z analizy danych wynika, że wyniki ostatniego kwartału przekroczyły oczekiwania, odnotowując wzrost produktywności o 15% w porównaniu z analogicznym okresem ubiegłego roku. Jest to w dużej mierze zasługą pomyślnego wdrożenia nowego systemu oraz zaangażowania całego zespołu.

Niemniej jednak istnieją pewne kwestie wymagające dalszej analizy, w tym skalowalność obecnej infrastruktury.

Z wyrazami szacunku,
Agnieszka
OptiSoft",4,4,C1,Polish
152,Schrijf een e-mail om een klant te bedanken voor hun voortdurende samenwerking.,"Hallo team, Ik schrijf over de nieuwe software. We moeten vergaderen volgende week om te dit bespreken. Graag uw beschikbaarheid doorgeven. Pieter Bedankt,",3,1,A2,Dutch
775,Γράψτε ένα email στον διευθυντή σας ζητώντας άδεια για την επόμενη εβδομάδα.,"Αξιότιμε Δημήτρης Γεωργίου,

Με ιδιαίτερη ικανοποίηση σας παρουσιάζω μια εμπεριστατωμένη αξιολόγηση του το γραφείο, στην οποία δεν περιορίζομαι μόνο στην ανάδειξη των επιτευγμάτων μας, αλλά φωτίζω ταυτόχρονα τις στρατηγικές προεκτάσεις που δύνανται να καθορίσουν την μελλοντική μας πορεία.

Τα αποτελέσματα της παρελθούσας περιόδου αποτελούν τεκμήριο αξιοσημείωτης προόδου σε πολλαπλά μέτωπα. Η λειτουργική αποδοτικότητα αυξήθηκε κατά 23%, γεγονός που οφείλεται τόσο στη βελτιστοποίηση των εργασιακών διαδικασιών όσο και στην προδραστική στάση της ομάδας μας.

Θα ήταν τιμή μου να συζητήσουμε αυτά τα ευρήματα κατά τη διάρκεια της επερχόμενης συνάντησής μας.

Με τιμή,
Δημήτρης
CyberLink",5,3,C2,Greek
559,Napisz e-mail z ogłoszeniem HR o corocznym dniu sportu w firmie.,"Szanowny Tomasz Kamiński, W nawiązaniu do naszej ostatniej rozmowy na temat projekt, chciałbym przedstawić Panu szczeegółową aktualizację obecnego stanu rzeczy. Poczyniliśmy znaczące postępy w zakresie wdrożenia. Zespół pomyślnie zakończył pierwszy etap i obecnie jesteśmy w trakcie realizacji drugiego. Wystąpiło kilka drobnych problemów, które zostały już rozwiązane. Proponuję, abyśmy zaplanowali spotkanie w przyszłym tygodniu w celu omówienia wyników i ustalenia kolejnych kroków. Z poważaniem, Tomasz CloudMax",3,3,B2,Polish
577,Napisz e-mail do kierownika o zmianie harmonogramu projektu.,"Szanowny Magdalena Dąbrowska, W nawiązaniu do naszej ostatniej rozmowy na temat wprowadzenie produktu, chciałbym przedstawić Panu szczegółową aktualizację obecnego stanu rzeczy. Poczyniliśmy znaczące postępy w zakresie wdrożenia. Zespół pomyślnie zakończył pierwszy etap i obecnie jesteśmy w trakcie realizacji drugiego. Wystąpiło kilka drobnych problemów, które zostały już rozwiązane. Proponuję, abyśmy zaplanowali spotkanie w przyszłym tygodniu w celu omówienia wyników i ustalenia kolejnych kroków. Z poważaniem, Magdalena FlexiTech",3,3,B2,Polish
579,Napisz e-mail do kierownika z prośbą o urlop na następny tydzień.,"Szanowny Agnieszka Szymańska, W nawiązaniu do naszej ostatniej rozmowy na temat budżet, chciałbym przedstawić Panu szczegółową aktualizację obecnego stanu rzeczy. Poczyniliśmy znaczące postępy w zakresie wdrożenia. Zespół pomyślnie zakończył pierwszy etap i obecnie jesteśmy w trakcie realizacji drugiego. Wystąpiło kilka drobnych problemów, które zostały już rozwiązane. Proponuję, abyśmy zaplanowali spotkanie w przyszłym tygodniu w celu omówienia wyników i ustalenia kolejnych kroków. Z poważaniem, Agnieszka CloudMax",3,3,B2,Polish
37,Napisz e-mail zgłaszający błąd oprogramowania do zespołu programistów.,"Witam, Jestem Jestem nowy. Chcę biuro. wiem co robić.",0,2,A1,Polish
264,Escreva um email para a sua equipa solicitando uma reunião na próxima terça-feira para discutir o progresso do projeto.,"Sofia Caro Rodrigues, Estou a escrever porque preciso de ajuda com a fatura. É um problema importante e espero que me possa Fico ajudar. a aguardar a sua resposta. Com os cumprimentos, melhores Sofia",2,1,A2,Portuguese
603,Scrivi un'email al tuo manager riguardo un cambiamento nella tempistica del progetto.,"Egregio Chiara Conti,

Alla luce dei recenti sviluppi inerenti a il lancio del prodotto, ritengo opportuno presentarle un'analisi approfondita della situazione corrente e delle possibili azioni che la nostra organizzazione potrebbe intraprendere.

Dall'analisi dei dati emerge che i risultati dell'ultimo trimestre hanno superato le aspettative, registrando un incremento del 15% nella produttività rispetto allo stesso periodo dell'anno precedente. Ciò è in gran parte attribuibile alla riuscita implementazione del nuovo sistema e alla dedizione dell'intero team.

Tuttavia, vi sono alcuni aspetti che meritano un'attenta valutazione, tra cui la scalabilità dell'infrastruttura attuale.

Cordiali saluti,
Chiara
InfoBridge",4,4,C1,Italian
542,Schrijf een e-mail om een klant te herinneren aan een naderende factuurdeadline.,"Beste collega's, Hierbij nodig ik u uit voor onze kwartaalvergadering over het kantoor. De vergadering zal plaatsvinden op donderdag 15 maart om 14:00 uur in vergaderzaal 3. De agenda omvat de volgende punten: 1. Projectvoortgang en mijlpalen 2. Budgetoverzicht en financiële prognose 3. Teamuitbreiding en nieuwe aanwervingen 4. Eventuele vragen en overige punten Gelieve uw beschikbaarheid te bevestigen voor woensdag 12 maart. Indien u niet aanwezig kunt zijn, kunt u uw input vooraf per e-mail delen. Met vriendelijke groet, Jan",2,3,B2,Dutch
343,Schrijf een e-mail om uw excuses aan te bieden voor het missen van een geplande vergadering.,"Beste Lisa Dekker, Bedankt voor uw bericht over het project. Ik heb de informatie bestudeerd en heb enkele opmerkingen die ik grraag met u wil delen. Ten eerste, ik denk dat we het budget opnieuw moeten bekijken. Ten tweede, de tijdlijn moet aangepast worden. Kuunt u mij hier feedback over geven? Met vriendelijke groet, Lisa",2,2,B1,Dutch
126,Escreva um email anunciando uma nova política da empresa sobre trabalho remoto.,"Olá, Sou novo Quero os problemas problemas técnicos. Não sei que fazer. João",1,1,A1,Portuguese
17,Schrijf een e-mail met een voorstel voor een nieuw marketingcampagne-idee.,Hallo Bram Bram. Ik wil de Dat is goed. Dank u. Groeten Groeten,2,2,A1,Dutch
2,Γράψτε ένα email στον διευθυντή σας σχετικά με αλλαγή στο χρονοδιάγραμμα του έργου.,"Γεια Γεια σας Πέτρος Ιωάννου, Πέτρος. Θέλω τον προϋπολογισμό. Χαιρετισμούς",1,0,A1,Greek
659,Napisz e-mail zgłaszający błąd oprogramowania do zespołu programistów.,"Szanowny Panie Agnieszka Szymańska,

W świetle ostatnich wydarzeń dotyczących budżet, uważam za konieczne przedstawienie Panu obszernej analizy obecnej sytuacji oraz możliwych działań, jakie nasza organizacja może podjąć.

Z analizy danych wynika, że wyniki ostatniego kwartału przekroczyły oczekiwania, odnotowując wzrost produktywności o 15% w porównaniu z analogicznym okresem ubiegłego roku. Jest to w dużej mierze zasługą pomyślnego wdrożenia nowego systemu oraz zaangażowania całego zespołu.

Niemniej jednak istnieją pewne kwestie wymagające dalszej analizy, w tym skalowalność obecnej infrastruktury.

Z wyrazami szacunku,
Agnieszka
CyberLink",4,3,C1,Polish
796,Schrijf een e-mail met een projectstatusupdate voor de kwartaalbespreking.,"Geachte Maria Timmers,

Met genoegen presenteer ik u hierbij een uitvoerige evaluatie van het personeelsbeleid, waarbij ik niet alleen de bereikte resultaten in perspectief plaats, maar tevens de strategische implicaties belicht die van doorslaggevend belang kunnen zijn voor onze toekomstige koers.

De resultaten van de afgelopen periode getuigen van een opmerkelijke vooruitgang op meerdere fronten. De operationele efficiëntie is met 23% toegenomen, hetgeen niet alleen te danken is aan de geoptimaliseerde werkprocessen, maar ook aan de proactieve houding van ons team bij het identificeren en elimineren van inefficiënties.

Wat betreft de technologische infrastructuur hebben wij een solide fundament gelegd waarop toekomstige innovaties kunnen worden gebouwd. De architectuur is zodanig ontworpen dat deze schaalbaar en toekomstbestendig is, waardoor wij flexibel kunnen inspelen op veranderende marktomstandigheden.

Ik nodig u van harte uit om deze bevindingen tijdens ons aanstaande overleg nader te bespreken, zodat wij gezamenlijk de meest optimale strategie kunnen formuleren.

Hoogachtend,
Maria
TechNova",5,4,C2,Dutch
583,Napisz e-mail z przeprosinami za nieobecność na zaplanowanym spotkaniu.,"Szanowny Krzysztof Woźniak, W nawiązaniu do naszej ostatniej rozmowy na temat spotkanie, chciałbym przedstawić Panu szczegółową aktualizację obecnego stanu rzeczy. Poczyniliśmy znaczące postępy w zakresie wdrożenia. Zespóół pomyślnie zakończył pierwszy etap i obecnie jesteśmy w trakcie realizacji drugiego. Wystąpiło kilka drobnych problemów, które zostały już rozwiązane. Proponuję, abyśmy zaplanowali spotkanie w przyszłym tygodniu w celu omówienia wyników i ustalenia kolejnych kroków. Z poważaniem, Krzysztof InfoBridge",4,3,B2,Polish
381,Napisz e-mail z podziękowaniami dla klienta za ciągłą współpracę.,"Szaanowny Piotr Wiśniewski, Piszzę do Pana w sprawie problemy techniczne. Po przeanalizowaniu sytuacji uważam, że powinniśmy podjąć działania. Byłoby dobrze, gdybyśmy mogli to omówić w przyszłym tygodniu. Czy może Pan poinformować mnie, kiedy jest dostępny na krótkie spotkanie? Proponuję wtorek lub środę, ale jestem elastyczny. Z poważaniem, Piotr OptiSoft",3,3,B1,Polish
864,Schrijf een e-mail aan IT-ondersteuning over een probleem met de software-installatie.,"Geachte Maria Timmers,

Met genoegen presenteer ik u hierbij een uitvoerige evaluatie van de vertraging, waarbij ik niet alleen de bereikte resultaten in perspectief plaats, maar tevens de strategische implicaties belicht die van doorslaggevend belang kunnen zijn voor onze toekomstige koers.

De resultaten van de afgelopen periode getuigen van een opmerkelijke vooruitgang op meerdere fronten. De operationele efficiëntie is met 23% toegenomen, hetgeen niet alleen te danken is aan de geoptimaliseerde werkprocessen, maar ook aan de proactieve houding van ons team bij het identificeren en elimineren van inefficiënties.

Wat betreft de technologische infrastructuur hebben wij een solide fundament gelegd waarop toekomstige innovaties kunnen worden gebouwd. De architectuur is zodanig ontworpen dat deze schaalbaar en toekomstbestendig is, waardoor wij flexibel kunnen inspelen op veranderende marktomstandigheden.

Ik nodig u van harte uit om deze bevindingen tijdens ons aanstaande overleg nader te bespreken, zodat wij gezamenlijk de meest optimale strategie kunnen formuleren.

Hoogachtend,
Maria
DataSphere",4,4,C2,Dutch
702,Escreva um email ao suporte de TI sobre um problema de instalação de software.,"Estimado Carlos Oliveira,

À luz dos recentes desenvolvimentos relativos a o atraso, considero necessário apresentar-lhe uma análise abrangente da situação atual e das possíveis ações que a nossa organização pode empreender.

Da análise dos dados resulta que os resultados do último trimestre superaram as expectativas, registando um aumento de 15% na produtividade em comparação com o mesmo período do ano anterior. Isto deve-se em grande parte à implementação bem-sucedida do novo sistema e à dedicação de toda a equipa.

Contudo, existem alguns aspetos que merecem uma análise mais aprofundada, incluindo a escalabilidade da infraestrutura atual.

Com os melhores cumprimentos,
Carlos
SmartCore",4,4,C1,Portuguese
156,Scrivi un'email al tuo manager richiedendo un permesso per la prossima settimana.,"Ciao colleghi, informarvi Voglio su il ritardo. È importante che tutti lo sappiano. Se domande, avete fatemi sapere. Grazie, Sara",3,1,A2,Italian
57,Scrivi un'email annunciando una nuova politica aziendale sul lavoro da remoto.,"Gentile Sara Greco, Ho un problema. Voglio la del personale. Puoi aiutare? Grazie. Cordiali Cordiali saluti",1,2,A1,Italian
185,Scrivi un'email di benvenuto per un nuovo dipendente che si unisce al tuo team.,"Gentile Andrea Colombo, Le scrivo perché ho bisogno di aiuto con il servizio clienti. È un problema importante e spero che possa aiutarmi. Aspetto sua la risposta. Cordiali saluti, Andrea",3,1,A2,Italian
766,Napisz e-mail zapraszający kolegów na wydarzenie networkingowe.,"Szanowny Panie Tomasz Kamiński,

Z przyjemnością przedstawiam Panu kompleksową ocenę opóźnienie, w której nie ograniczam się jedynie do kontekstualizacji osiągniętych wyników, lecz jednocześnie rzucam światło na implikacje strategiczne, które mogą okazać się decydujące dla naszego przyszłego kierunku rozwoju.

Wyniki minionego okresu stanowią świadectwo godnego uwagi postępu na wielu frontach. Efektywność operacyjna wzrosła o 23%, co jest wynikiem nie tylko optymalizacji procesów roboczych, ale również proaktywnej postawy naszego zespołu w identyfikowaniu i eliminowaniu nieefektywności.

Byłoby mi niezmiernie miło móc omówić te ustalenia podczas naszego najbliższego spotkania.

Z wyrazami najwyższego szacunku,
Tomasz
OptiSoft",4,3,C2,Polish
390,Escreva um email agradecendo a um cliente pela sua contínua colaboração.,"Caro Pedro Costa, Estou a escrever-lhe a respeito de o escritório. Após analisar a situação, acredito que devemos tomar medidas. Serria bom se pudéssemos discutir isto na próxima semana. Pode informar-me quando está disponível para uma breve reunião? Sugirro terça ou quarta-feira, mas sou flexível. Com os melhores cumprimentos, Pedro DataSphere",3,1,B1,Portuguese
357,Escreva um email convidando colegas para um evento de networking.,"Caro Ricardo Martins, Estou a escrever-lhe a respeito de os problemas técnicos. Após analisar a situação, acredito que devemos tomaar medidas. Seria bom se pudéssemos discutir isto na próxima semana. Pode informar-me quaando está disponível para uma breve reunião? Sugiro terça ou quarta-feira, mas sou flexível. Com os melhores cumprimentos, Ricardo CyberLink",4,2,B1,Portuguese
266,Schrijf een welkomst-e-mail voor een nieuwe medewerker die bij uw team komt.,"Hallo Kees Bakker, Ik wil graag de klantenservice bespreken. moeten We dit snel oplossen want het is Kunt dringend. u mij laten weten wanneer u beschikbaar bent? Bedankt, Kees",2,0,A2,Dutch
698,Scrivi un'email annunciando una nuova politica aziendale sul lavoro da remoto.,"Egregio Elena Ricci,

Alla luce dei recenti sviluppi inerenti a il problema di qualità, ritengo opportuno presentarle un'analisi approfondita della situazione corrente e delle possibili azioni che la nostra organizzazione potrebbe intraprendere.

Dall'analisi dei dati emerge che i risultati dell'ultimo trimestre hanno superato le aspettative, registrando un incremento del 15% nella produttività rispetto allo stesso periodo dell'anno precedente. Ciò è in gran parte attribuibile alla riuscita implementazione del nuovo sistema e alla dedizione dell'intero team.

Tuttavia, vi sono alcuni aspetti che meritano un'attenta valutazione, tra cui la scalabilità dell'infrastruttura attuale.

Cordiali saluti,
Elena
OptiSoft",4,4,C1,Italian
139,Schrijf een e-mail aan uw team met het verzoek om een vergadering volgende dinsdag om de projectvoortgang te bespreken.,"Hallo Sophie Visser, Ik Sophie. Ik wil de de nieuwe Dat is goed. Groeten",1,0,A1,Dutch
822,Γράψτε ένα email με ενημέρωση κατάστασης έργου για την τριμηνιαία ανασκόπηση.,"Αξιότιμε Σοφία Αλεξίου,

Με ιδιαίτερη ικανοποίηση σας παρουσιάζω μια εμπεριστατωμένη αξιολόγηση του το νέο λογισμικό, στην οποία δεν περιορίζομαι μόνο στην ανάδειξη των επιτευγμάτων μας, αλλά φωτίζω ταυτόχρονα τις στρατηγικές προεκτάσεις που δύνανται να καθορίσουν την μελλοντική μας πορεία.

Τα αποτελέσματα της παρελθούσας περιόδου αποτελούν τεκμήριο αξιοσημείωτης προόδου σε πολλαπλά μέτωπα. Η λειτουργική αποδοτικότητα αυξήθηκε κατά 23%, γεγονός που οφείλεται τόσο στη βελτιστοποίηση των εργασιακών διαδικασιών όσο και στην προδραστική στάση της ομάδας μας.

Θα ήταν τιμή μου να συζητήσουμε αυτά τα ευρήματα κατά τη διάρκεια της επερχόμενης συνάντησής μας.

Με τιμή,
Σοφία
InfoBridge",5,4,C2,Greek
498,Γράψτε ένα email αναφέροντας ένα σφάλμα λογισμικού στην ομάδα ανάπτυξης.,"Αγαπητέ Μαρία Αντωνίου, Σε συνέχεια της πρόσφατης συζήτησής μας σχετικά με τον προμηθευτή, θα ήθελα να σας ενημερώσω λεπτομερώς για την τρέχουσα κατάσταση. Έχουμε σημειώσει σημαντική πρόοδο στον τομέα της υλοποίησης. Η ομάδα ολοκλήρωσε επιτυχώς το πρώτο στάδιο και βρισκόμαστε τώρα στο δεύτερο. Αντιμετωπίσαμε ορισμένα μικρά προβλήματα, τα οποία έχουν πλέον επιλυθεί. Προτείνω να προγραμματίσουμε μια συνάντηση την επόμενη εβδομάδα για να συζητήσουμε τα αποτελέσματα. Με εκτίμηση, Μαρία DataSphere",4,3,B2,Greek
634,Escreva um email agradecendo a um cliente pela sua contínua colaboração.,"Estimado Inês Almeida,

À luz dos recentes desenvolvimentos relativos a a campanha de marketing, considero necessário apresentar-lhe uma análise abrangente da situação atual e das possíveis ações que a nossa organização pode empreender.

Da análise dos dados resulta que os resultados do último trimestre superaram as expectativas, registando um aumento de 15% na produtividade em comparação com o mesmo período do ano anterior. Isto deve-se em grande parte à implementação bem-sucedida do novo sistema e à dedicação de toda a equipa.

Contudo, existem alguns aspetos que merecem uma análise mais aprofundada, incluindo a escalabilidade da infraestrutura atual.

Com os melhores cumprimentos,
Inês
FlexiTech",4,3,C1,Portuguese
752,Napisz e-mail do działu zaopatrzenia z prośbą o nowe monitory biurowe.,"Szanowny Panie Jan Kowalski,

Z przyjemnością przedstawiam Panu kompleksową ocenę nowe oprogramowanie, w której nie ograniczam się jedynie do kontekstualizacji osiągniętych wyników, lecz jednocześnie rzucam światło na implikacje strategiczne, które mogą okazać się decydujące dla naszego przyszłego kierunku rozwoju.

Wyniki minionego okresu stanowią świadectwo godnego uwagi postępu na wielu frontach. Efektywność operacyjna wzrosła o 23%, co jest wynikiem nie tylko optymalizacji procesów roboczych, ale również proaktywnej postawy naszego zespołu w identyfikowaniu i eliminowaniu nieefektywności.

Byłoby mi niezmiernie miło móc omówić te ustalenia podczas naszego najbliższego spotkania.

Z wyrazami najwyższego szacunku,
Jan
CloudMax",5,3,C2,Polish
188,Scrivi un'email al supporto IT riguardo un problema di installazione software.,"Ciao colleghi, Voglio informarvi su la politica del È personale. importante che tutti lo sappiano. Se avete fatemi domande, sapere. Grazie, Francesca",3,2,A2,Italian
798,Scrivi un'email con un aggiornamento sullo stato del progetto per la revisione trimestrale.,"Egregio Giulia Bianchi,

Ho il piacere di presentarle una valutazione esaustiva di il fornitore, nella quale non mi limito a contestualizzare i risultati raggiunti, ma illumino altresì le implicazioni strategiche che potrebbero rivelarsi determinanti per il nostro futuro orientamento.

I risultati del periodo trascorso testimoniano un progresso notevole su molteplici fronti. L'efficienza operativa è aumentata del 23%, il che è riconducibile non soltanto all'ottimizzazione dei processi lavorativi, ma anche all'atteggiamento proattivo del nostro team nell'identificare ed eliminare le inefficienze.

Sarebbe per me un onore poter approfondire questi risultati nel corso del nostro prossimo incontro.

Distinti saluti,
Giulia
SmartCore",4,4,C2,Italian
395,Escreva um email solicitando um reembolso por um produto com defeito.,"Caro João Silva, Estou a escrever-lhe a respeito de o serviço ao cliente. Após analisar a situação, acredito que devemos tomar medidas. Seria bom se pudéssemos discutir isto na próxima semana. Pode informar-me quando está disponível para uma breve reunião? Sugiro terça ou quartaa-feira, mas sou flexível. Com os melhores cumprimentos, João CloudMax",2,2,B1,Portuguese
547,Scrivi un'email al tuo team richiedendo una riunione martedì prossimo per discutere i progressi del progetto.,"Gentile Matteo Marino, In seguito alla nostra recente conversazione riguardo a l'ufficio, desidero fornirle un aggiornamento dettagliato sullo stato attuale della situazione. Abbiamo compiuto progressi significativi nell'ambito dell'implementazione. Il team ha completato con successo la prima fase e siamo attualmente impegnati nella seconda. Si sono verificati alcuni problemi minori, che sono stati nel frattempo risolti. Propongo di programmare un incontro la prossima settimana per discutere i risultati e definire i prossimi passi. Cordiali saluti, Matteo OptiSoft",3,4,B2,Italian
483,Scrivi un'email al team acquisti richiedendo nuovi monitor per l'ufficio.,"Gentile Luca Ferrari, In seguito alla nostra recente conversazione riguardo a il servizio clienti, desidero fornirle un aggiornamento dettagliato sullo stato attuale della situazione. Abbiamo compiuto progressi significativi nell'ambito dell'implementazione. Il team ha completato con successo la prima fase e siamo attualmente impegnati nella seconda. Si sono verificati alcuni problemi minori, che sono stati nel frattempo risoltii. Propongo di programmare un incontro la prossima settimana per discutere i risultati e definire i prossimi passi. Cordiali saluti, Luca DataSphere",3,3,B2,Italian
209,Scrivi un'email di benvenuto per un nuovo dipendente che si unisce al tuo team.,"Ciao colleghi, Voglio informarvi su la politica personale. del È importante che tutti lo Se sappiano. avete domande, fatemi sapere. Grazie, Davide",2,2,A2,Italian
449,Escreva um email ao seu gestor sobre uma alteração no cronograma do projeto.,"Caro Ana Ferreira, Estou a escrever-lhe a respeito de o orçamento. Após analisar a situação, acredito que devemos tomar medidas. Seria bom se pudéssemos discutir issto na próxima semana. Pode informar-me quando está disponível para uma breeve reunião? Sugiro terça ou quarta-feira, mas sou flexível. Com os melhores cumprimentos, Ana FlexiTech",4,2,B1,Portuguese
492,Scrivi un'email al tuo manager richiedendo un permesso per la prossima settimana.,"Gentile Marco Rossi, In seguito alla nostra recente conversazione riguardo a il lancio del prodotto, desidero fornirle un aggiornamento dettagliato sullo stato attuale della situazione. Abbiamo compiuto progressi significativi nell'ambito dell'implementazione. Il team ha completato con successo la prima fase e siamo attualmente impegnati nella seconda. Si sono verificati alcuni problemi minori, che sono stati nel frattempo risolti. Propongo di programmare un incontro la prossima settimana per discutere i risultati e definire i prossimi passi. Cordiali saluti, Marco SmartCore",5,1,B2,Italian
527,Napisz e-mail do wsparcia IT dotyczący problemu z instalacją oprogramowania.,"Szanowny Maria Wójcik, W nawiązaniu do naszej ostatniej rozmowy na temat spotkanie, chciałbym przedstawić Panu szczegółową aktualizację obecnego stanu rzeczy. Poczyniliśmy znaczące postępy w zakresie wdrożenia. Zespół pomyślnie zakończył pierwszy etap i obecnie jesteśmy w trakcie realizacji drugiego. Wystąpiło kilka drobnych problemów, które zostały już rozwiązane. Proponuję, abyśmy zaplanowali spotkanie w przyszłym tygodniu w celu omówienia wyników i ustalenia kolejnych kroków. Z poważaniem, Maria OptiSoft",2,4,B2,Polish
734,Napisz e-mail z opinią na temat ostatniej sesji szkoleniowej.,"Szanowny Panie Magdalena Dąbrowska,

W świetle ostatnich wydarzeń dotyczących kampanię marketingową, uważam za konieczne przedstawienie Panu obszernej analizy obecnej sytuacji oraz możliwych działań, jakie nasza organizacja może podjąć.

Z analizy danych wynika, że wyniki ostatniego kwartału przekroczyły oczekiwania, odnotowując wzrost produktywności o 15% w porównaniu z analogicznym okresem ubiegłego roku. Jest to w dużej mierze zasługą pomyślnego wdrożenia nowego systemu oraz zaangażowania całego zespołu.

Niemniej jednak istnieją pewne kwestie wymagające dalszej analizy, w tym skalowalność obecnej infrastruktury.

Z wyrazami szacunku,
Magdalena
SmartCore",4,4,C1,Polish
788,Napisz e-mail do wsparcia IT dotyczący problemu z instalacją oprogramowania.,"Szanowny Panie Jan Kowalski,

Z przyjemnością przedstawiam Panu kompleksową ocenę szkolenie, w której nie ograniczam się jedynie do kontekstualizacji osiągniętych wyników, lecz jednocześnie rzucam światło na implikacje strategiczne, które mogą okazać się decydujące dla naszego przyszłego kierunku rozwoju.

Wyniki minionego okresu stanowią świadectwo godnego uwagi postępu na wielu frontach. Efektywność operacyjna wzrosła o 23%, co jest wynikiem nie tylko optymalizacji procesów roboczych, ale również proaktywnej postawy naszego zespołu w identyfikowaniu i eliminowaniu nieefektywności.

Byłoby mi niezmiernie miło móc omówić te ustalenia podczas naszego najbliższego spotkania.

Z wyrazami najwyższego szacunku,
Jan
CyberLink",5,3,C2,Polish
470,Scrivi un'email invitando i colleghi a un evento di networking.,"Gentile Andrea Colombo, In seguito alla nostra recente conversazione riguardo a la campagna di marketing, desidero fornirle un aggiornamento dettagliato sullo stato attuale della situazione. Abbiamo compiuto progressi significativi nell'ambito dell'implementazione. Il team ha completato con successo la prima fase e siamo attualmente impegnati nella seconda. Si sono verificati alcuni problemi minori, che sono stati nel frattempo risolti. Propongo di programmare un incontro la prossima settimana per discutere i risultati e definire i prossimi passi. Cordiali saluti, Andrea CyberLink",4,4,B2,Italian
434,Escreva um email relatando um erro de software para a equipa de desenvolvimento.,"Caro Inês Almeida, Estou a escrever-lhe a respeito de a fatura. Após analisar a situaação, acredito que devemos tomar medidas. Seria bom se pudéssemos disscutir isto na próxima semana. Pode informar-me quando está disponível para uma breve reunião? Sugiro terça ou quarta-feira, mas sou flexível. Com os melhores cumprimentos, Inês FlexiTech",3,2,B1,Portuguese
232,Napisz e-mail przypominający klientowi o zbliżającym się terminie płatności faktury.,"Witam Chcę kolegów, was poinformować o problemy To techniczne. jest ważne, żeby wszyscy wiedzieli. Jeśli macie pytania, dajcie mi znać. Dziękuję, Magdalena",3,2,A2,Polish
497,Γράψτε ένα email προτείνοντας μια νέα ιδέα για εκστρατεία μάρκετινγκ.,"Αγαπητέ Ελένη Κωνσταντίνου, Σε συνέχεια της πρόσφατης συζήτησής μας σχετικά με την κυκλοφορία προϊόντος, θα ήθελα να σας ενημερώσω λεπτομερώς για την τρέχουσα κατάσταση. Έχουμε σημειώσει σημαντική πρόοδο στον τομέα της υλοποίησης. Η ομάδα ολοκλήρωσε επιτυχώς το πρώτο στάδιο και βρισκόμαστε τώρα στο δεύτερο. Αντιμετωπίσαμε ορισμένα μικρά προβλήματα, τα οποία έχουν πλέον επιλυθεί. Προτείνω να προγραμματίσουμε μια συνάντηση την επόμενη εβδομάδα για να συζητήσουμε τα αποτελέσματα. Με εκτίμηση, Ελένη OptiSoft",3,3,B2,Greek
489,Scrivi un'email di follow-up dopo un precedente colloquio di lavoro.,"Gentile Giulia Bianchi, In seguito alla nostra recente conversazione riguardo a il lancio del prodotto, desidero fornirle un aggiornamento dettagliato sullo stato attuale della situazione. Abbiamo compiuto progressi significativi nell'ambito dell'implementazione. Il team ha completato con successo la prima fase e siamo attualmente impegnati nella seconda. Si sono verificati alcuni problemi minori, che sono stati nel frattempo risolti. Propongo di programmare un incontro la prossima settimana per discutere i risultati e definire i prossimi passi. Cordiali saluti, Giulia CloudMax",3,2,B2,Italian
262,Γράψτε ένα email στον διευθυντή σας ζητώντας άδεια για την επόμενη εβδομάδα.,"Αγαπητέ Νίκος Δημητρίου, Σας γράφω γιατί χρειάζομαι βοήθεια με το πρόβλημα ποιότητας. σημαντικό Είναι πρόβλημα και να ελπίζω μπορείτε να με βοηθήσετε. Περιμένω την απάντησή σας. Με εκτίμηση, Νίκος",2,1,A2,Greek
404,Scrivi un'email invitando i colleghi a un evento di networking.,"Gentile Davide Gallo, Le scrivo in merito a il ritardo. Dopo aver esaminato la situazione, ritenggo che dobbiamo prendere provvedimenti. Sarebbe opportuno se potessimo discuterne la prossima settimana. Può farmi sapere quando è disponibile per un breve incontro? Propongo martedì o mercoledì, ma sono flessibile. Cordiali saluti, Davide TechNova",3,2,B1,Italian
632,Schrijf een welkomst-e-mail voor een nieuwe medewerker die bij uw team komt.,"Geachte Eva Meijer,

Naar aanleiding van de recente ontwikkelingen rondom het project, acht ik het noodzakelijk om u een uitgebreide analyse te presenteren van de huidige situatie en de mogelijke stappen die wij als organisatie kunnen ondernemen.

Uit de data-analyse blijkt dat de resultaten van het afgelopen kwartaal de verwachtingen hebben overtroffen, met een stijging van 15% in productiviteit ten opzichte van dezelfde periode vorig jaar. Dit is grotendeels te danken aan de succesvolle implementatie van het nieuwe systeem en de toewijding van het gehele team.

Desalniettemin zijn er enkele aandachtspunten die nadere beschouwing verdienen. Ten eerste, de schaalbaarheid van de huidige infrastructuur kan een knelpunt vormen bij verdere groei. Ten tweede, de integratie met externe systemen verloopt trager dan oorspronkelijk gepland.

Ik zou willen voorstellen dat wij een strategische sessie organiseren om deze punten te bespreken en een concreet actieplan op te stellen.

Met vriendelijke groet,
Eva
FlexiTech",4,4,C1,Dutch
190,Schrijf een e-mail aan IT-ondersteuning over een probleem met de software-installatie.,"Beste Maria Timmers, Bedankt voor e-mail. uw Ik begrijp het probleem met het Ik project. ga proberen om een oplossing te vinden. Ik neem snel contact op. Met vriendelijke Maria groet,",1,1,A2,Dutch
516,Escreva um email ao seu gestor solicitando licença para a próxima semana.,"Caro Carlos Oliveira, Na sequência da nossa recente conversa sobre o novo software, gostaria de lhe fornecer uma atualização detalhada sobre a situação atual. Fizemos progressos significativos na área da implementação. A equipa concluiu com sucesso a primeira fase e estamos agora a trabalhar na segunda. Surgiram alguns problemas menores, que já foram resolvidos. Proponho que agendemos uma reunião para a próxima semana para discutir os resultados e definir os próximos passos. Com os melhores cumprimentos, Carlos DigiWave",4,3,B2,Portuguese
154,Napisz e-mail zapraszający kolegów na wydarzenie networkingowe.,"Drogi Magdalena Dąbrowska, Piszę do Pana, ponieważ potrzebuję pomocy z To dostawcę. ważny jest problem i mam nadzieję, że może mi Pan pomóc. Czekam na odpowiedź. Z poważaniem, Magdalena",0,1,A2,Polish
186,Γράψτε ένα email στο τμήμα προμηθειών ζητώντας νέες οθόνες γραφείου.,"Γεια σας συνάδελφοι, να Θέλω σας ενημερώσω για τα προβλήματα. τεχνικά Είναι σημαντικό να το ξέρουν όλοι. Αν έχετε ερωτήσεις, ενημερώστε με. Ευχαριστώ, Αθηνά",3,2,A2,Greek
248,Scrivi un'email al supporto IT riguardo un problema di installazione software.,"Gentile Chiara Conti, Le scrivo ho perché bisogno di aiuto con la fattura. È un problema importante e spero che possa Aspetto aiutarmi. la sua risposta. Cordiali saluti, Chiara",3,1,A2,Italian
518,Γράψτε ένα email ανακοινώνοντας νέα εταιρική πολιτική για τηλεργασία.,"Αγαπητέ Σοφία Αλεξίου, Σε συνέχεια της πρόσφατης συζήτησής μας σχετικά με την κυκλοφορία προϊόντος, θα ήθελα να σας ενημερώσω λεπτομερώς για την τρέχουσα κατάσταση. Έχουμε σημειώσει σημαντική πρόοδο στον τομέα της υλοποίησης. Η ομάδα ολοκλήρωσε επιτυχώς το πρώτο στάδιο και βρισκόμαστε τώρα στο δεύτερο. Αντιμετωπίσαμε ορισμένα μικρά προβλήματα, τα οποία έχουν πλέον επιλυθεί. Προτείνω να προγραμματίσουμε μια συνάντηση την επόμενη εβδομάδα για να συζητήσουμε τα αποτελέσματα. Με εκττίμηση, Σοφία DigiWave",4,3,B2,Greek
165,Γράψτε ένα email ανακοινώνοντας νέα εταιρική πολιτική για τηλεργασία.,"Αγαπητέ Χρήστου, Κατερίνα Σας γράφω γιατί χρειάζομαι βοήθεια με την εκπαίδευση. Είναι σημαντικό πρόβλημα και ελπίζω να μπορείτε να με βοηθήσετε. Περιμένω την απάντησή σας. Με Κατερίνα εκτίμηση,",2,2,A2,Greek
425,Napisz e-mail powitalny dla nowego pracownika dołączającego do zespołu.,"Szanowny Agnieszka Szymańska, Piszę do Pana w sprawie projekt. Po przeanalizowaniu sytuacji uważam, że powinnniśmy podjąć działania. Byłoby dobrze, gdybyśmy mogli to omówić w przyszłym tygodniu. Czy może Pan poinformować mnie, kiiedy jest dostępny na krótkie spotkanie? Proponuję wtorek lub środę, ale jestem elastyczny. Z poważaniem, Agnieszka SmartCore",2,3,B1,Polish
97,Escreva um email ao seu gestor solicitando licença para a próxima semana.,"Olá, Sou Sou novo aqui. Quero a Não sei o fazer. Ricardo",0,1,A1,Portuguese
39,Γράψτε ένα email με ενημέρωση κατάστασης έργου για την τριμηνιαία ανασκόπηση.,"Γεια σας, Είμαι νέος εδώ. Θέλω εξυπηρέτηση πελατών. ξέρω τι τι κάνω. Γιώργος",1,0,A1,Greek
360,Napisz e-mail z ogłoszeniem HR o corocznym dniu sportu w firmie.,"Szanowny Agnieszka Szymańska, Piszę do Pana w sprawie dostawcę. Po przeanalizowaniu sytuacji uważam, że powinniśmy podjąć działania. Byłoby dobrze, gdybyśmy mogli to omówić w przyyszłym tygodniu. Czy może Pan poinformować mnie, kiedy jest dostępny na krótkie spotkanie? Proponuję wtorek lub środę, ale jestem elastycznyy. Z poważaniem, Agnieszka CloudMax",2,3,B1,Polish
797,Γράψτε ένα email παρακολούθησης μετά από προηγούμενη συνέντευξη εργασίας.,"Αξιότιμε Μαρία Αντωνίου,

Με ιδιαίτερη ικανοποίηση σας παρουσιάζω μια εμπεριστατωμένη αξιολόγηση του τη συνάντηση, στην οποία δεν περιορίζομαι μόνο στην ανάδειξη των επιτευγμάτων μας, αλλά φωτίζω ταυτόχρονα τις στρατηγικές προεκτάσεις που δύνανται να καθορίσουν την μελλοντική μας πορεία.

Τα αποτελέσματα της παρελθούσας περιόδου αποτελούν τεκμήριο αξιοσημείωτης προόδου σε πολλαπλά μέτωπα. Η λειτουργική αποδοτικότητα αυξήθηκε κατά 23%, γεγονός που οφείλεται τόσο στη βελτιστοποίηση των εργασιακών διαδικασιών όσο και στην προδραστική στάση της ομάδας μας.

Θα ήταν τιμή μου να συζητήσουμε αυτά τα ευρήματα κατά τη διάρκεια της επερχόμενης συνάντησής μας.

Με τιμή,
Μαρία
NetPro",5,4,C2,Greek
641,Escreva um email solicitando um reembolso por um produto com defeito.,"Estimado Beatriz Sousa,

À luz dos recentes desenvolvimentos relativos a a fatura, considero necessário apresentar-lhe uma análise abrangente da situação atual e das possíveis ações que a nossa organização pode empreender.

Da análise dos dados resulta que os resultados do último trimestre superaram as expectativas, registando um aumento de 15% na produtividade em comparação com o mesmo período do ano anterior. Isto deve-se em grande parte à implementação bem-sucedida do novo sistema e à dedicação de toda a equipa.

Contudo, existem alguns aspetos que merecem uma análise mais aprofundada, incluindo a escalabilidade da infraestrutura atual.

Com os melhores cumprimentos,
Beatriz
TechNova",4,4,C1,Portuguese
541,Napisz e-mail do kierownika o zmianie harmonogramu projektu.,"Szanowny Krzysztof Woźniak, W nawiązaniu do naszej ostatniej rozmowy na temat spotkanie, chciałbym przedstawić Panu szczegółową aktualizację obecnego stanu rzeczy. Poczyniliśmy znaczące postępy w zakresie wdrożenia. Zespół pomyślnie zakończył pierwszy etap i obecnie jesteśmy w trakcie realizacji drugiego. Wystąpiło kilka drobnych problemów, które zostały już rozwiązane. Proponuję, abyśmy zaplanowali spotkanie w przyszłym tygodniu w celu omówienia wyników i ustalenia kolejnych kroków. Z poważaniem, Krzysztof DataSphere",4,3,B2,Polish
36,Scrivi un'email per ricordare a un cliente una scadenza di fattura imminente.,"Gentile Elena Ricci, un un problema. aiuto con fattura.",0,1,A1,Italian
16,Γράψτε ένα email σε πελάτη ως απάντηση στο παράπονό του για καθυστερημένη παράδοση.,Γεια Είμαι νέος εδώ. Θέλω τον προϋπολογισμό.,0,0,A1,Greek
597,Schrijf een e-mail om een klant te herinneren aan een naderende factuurdeadline.,"Beste collega's, Hierbij nodig ik u uit voor onze kwartaalvergadering over de vertraging. De vergadering zal plaatsvinden op donderdag 15 maart om 14:00 uur in vergaderzaal 3. De agenda omvat de volgende punten: 1. Projectvoortgang en mijlpalen 2. Budgetoverzicht en financiële prognose 3. Teamuitbreiding en nieuwe aanwervingen 4. Eventuele vragen en overige punten Gelieve uw beschikbaarheid te bevestigen voor woensdag 12 maart. Indien u niet aanwezig kunt zijn, kunt u uw input vooraf per e-mail delen. Met vriendelijke groet, Eva",3,4,B2,Dutch
799,Napisz e-mail zgłaszający błąd oprogramowania do zespołu programistów.,"Szanowny Panie Magdalena Dąbrowska,

Z przyjemnością przedstawiam Panu kompleksową ocenę biuro, w której nie ograniczam się jedynie do kontekstualizacji osiągniętych wyników, lecz jednocześnie rzucam światło na implikacje strategiczne, które mogą okazać się decydujące dla naszego przyszłego kierunku rozwoju.

Wyniki minionego okresu stanowią świadectwo godnego uwagi postępu na wielu frontach. Efektywność operacyjna wzrosła o 23%, co jest wynikiem nie tylko optymalizacji procesów roboczych, ale również proaktywnej postawy naszego zespołu w identyfikowaniu i eliminowaniu nieefektywności.

Byłoby mi niezmiernie miło móc omówić te ustalenia podczas naszego najbliższego spotkania.

Z wyrazami najwyższego szacunku,
Magdalena
FlexiTech",5,4,C2,Polish
578,Scrivi un'email per segnalare un bug software al team di sviluppo.,"Gentile Sara Greco, In seguito alla nostra recente conversazione riguardo a il nuovo software, desidero fornirle un aggiornamento dettagliato sullo stato attuale della situazione. Abbiamo compiuto progressi significativi nell'ambito dell'implementazione. Il team ha completato con successo la prima fase e siamo attualmente impegnati nella seconda. Si sono verificati alcuni problemi minori, che sono stati nel frattempo risolti. Propongo di programmare un incontro la prossima settimana per discutere i risultati e definire i prossimi passi. Cordiali saluti, Sara FlexiTech",3,3,B2,Italian
327,Schrijf een e-mail naar een klant als reactie op hun klacht over een vertraagde levering.,"Beste Maria Timmers, Ik schrijf u met betrekking tot de vergadering. Na het beekijken van de situatiie, denk ik dat we actie moeten ondernemen. Het zou goed zijn als we dit volgende week kunnen bespreken. Kunt u mij laten weten wanneer u beschikbaar bent voor een kort overleg? Ik stel voor dinsdag of woensdag, maar ik ben flexibel. Met vriendelijke groet, Maria SmartCore",2,4,B1,Dutch
667,Schrijf een HR-aankondigingsmail over de jaarlijkse sportdag van het bedrijf.,"Geachte Sophie Visser,

Naar aanleiding van de recente ontwikkelingen rondom de leverancier, acht ik het noodzakelijk om u een uitgebreide analyse te presenteren van de huidige situatie en de mogelijke stappen die wij als organisatie kunnen ondernemen.

Uit de data-analyse blijkt dat de resultaten van het afgelopen kwartaal de verwachtingen hebben overtroffen, met een stijging van 15% in productiviteit ten opzichte van dezelfde periode vorig jaar. Dit is grotendeels te danken aan de succesvolle implementatie van het nieuwe systeem en de toewijding van het gehele team.

Desalniettemin zijn er enkele aandachtspunten die nadere beschouwing verdienen. Ten eerste, de schaalbaarheid van de huidige infrastructuur kan een knelpunt vormen bij verdere groei. Ten tweede, de integratie met externe systemen verloopt trager dan oorspronkelijk gepland.

Ik zou willen voorstellen dat wij een strategische sessie organiseren om deze punten te bespreken en een concreet actieplan op te stellen.

Met vriendelijke groet,
Sophie
CloudMax",4,3,C1,Dutch
640,Scrivi un'email al team acquisti richiedendo nuovi monitor per l'ufficio.,"Egregio Luca Ferrari,

Alla luce dei recenti sviluppi inerenti a il nuovo software, ritengo opportuno presentarle un'analisi approfondita della situazione corrente e delle possibili azioni che la nostra organizzazione potrebbe intraprendere.

Dall'analisi dei dati emerge che i risultati dell'ultimo trimestre hanno superato le aspettative, registrando un incremento del 15% nella produttività rispetto allo stesso periodo dell'anno precedente. Ciò è in gran parte attribuibile alla riuscita implementazione del nuovo sistema e alla dedizione dell'intero team.

Tuttavia, vi sono alcuni aspetti che meritano un'attenta valutazione, tra cui la scalabilità dell'infrastruttura attuale.

Cordiali saluti,
Luca
CloudMax",4,3,C1,Italian
61,Γράψτε ένα email παρακολούθησης μετά από προηγούμενη συνέντευξη εργασίας.,"Αγαπητέ Πέτρος Ιωάννου, Έχω πρόβλημα. Θέλω Θέλω βοήθεια με εκπαίδευση. Μπορείτε Ευχαριστώ",1,1,A1,Greek
80,Escreva um email convidando colegas para um evento de networking.,"Olá Inês Almeida, Eu sou Eu quero reunião. Obrigado. Obrigado. Cumprimentos",2,1,A1,Portuguese
32,Γράψτε ένα email στον διευθυντή σας ζητώντας άδεια για την επόμενη εβδομάδα.,Αγαπητέ Πέτρος πρόβλημα. πρόβλημα. Θέλω βοήθεια με το τιμολόγιο. Μπορείτε βοηθήσετε; Ευχαριστώ,1,2,A1,Greek
792,Schrijf een HR-aankondigingsmail over de jaarlijkse sportdag van het bedrijf.,"Geachte Tom de Groot,

Met genoegen presenteer ik u hierbij een uitvoerige evaluatie van de factuur, waarbij ik niet alleen de bereikte resultaten in perspectief plaats, maar tevens de strategische implicaties belicht die van doorslaggevend belang kunnen zijn voor onze toekomstige koers.

De resultaten van de afgelopen periode getuigen van een opmerkelijke vooruitgang op meerdere fronten. De operationele efficiëntie is met 23% toegenomen, hetgeen niet alleen te danken is aan de geoptimaliseerde werkprocessen, maar ook aan de proactieve houding van ons team bij het identificeren en elimineren van inefficiënties.

Wat betreft de technologische infrastructuur hebben wij een solide fundament gelegd waarop toekomstige innovaties kunnen worden gebouwd. De architectuur is zodanig ontworpen dat deze schaalbaar en toekomstbestendig is, waardoor wij flexibel kunnen inspelen op veranderende marktomstandigheden.

Ik nodig u van harte uit om deze bevindingen tijdens ons aanstaande overleg nader te bespreken, zodat wij gezamenlijk de meest optimale strategie kunnen formuleren.

Hoogachtend,
Tom
SmartCore",4,4,C2,Dutch
733,Escreva um email para a sua equipa solicitando uma reunião na próxima terça-feira para discutir o progresso do projeto.,"Estimado Ricardo Martins,

À luz dos recentes desenvolvimentos relativos a o fornecedor, considero necessário apresentar-lhe uma análise abrangente da situação atual e das possíveis ações que a nossa organização pode empreender.

Da análise dos dados resulta que os resultados do último trimestre superaram as expectativas, registando um aumento de 15% na produtividade em comparação com o mesmo período do ano anterior. Isto deve-se em grande parte à implementação bem-sucedida do novo sistema e à dedicação de toda a equipa.

Contudo, existem alguns aspetos que merecem uma análise mais aprofundada, incluindo a escalabilidade da infraestrutura atual.

Com os melhores cumprimentos,
Ricardo
InfoBridge",4,4,C1,Portuguese
333,Schrijf een e-mail naar een klant als reactie op hun klacht over een vertraagde levering.,"Beste collega's, Graag wil ik u informeren over de voortgang van de training. We hebben goede resultaten behaald in de afgelopen periode, hoewel er nog enkele uitdagingen zijnn. De volgende stappen zijn gepland voor de komende weken. Ik verwacht dat we de deadline kunnen halen, maar ik houd u op de hoogte als er wijzigingen zijn. Met vriendelijke groet, Pieter",3,3,B1,Dutch
829,Γράψτε ένα email στον διευθυντή σας σχετικά με αλλαγή στο χρονοδιάγραμμα του έργου.,"Αξιότιμε Νίκος Δημητρίου,

Με ιδιαίτερη ικανοποίηση σας παρουσιάζω μια εμπεριστατωμένη αξιολόγηση του το πρόβλημα ποιότητας, στην οποία δεν περιορίζομαι μόνο στην ανάδειξη των επιτευγμάτων μας, αλλά φωτίζω ταυτόχρονα τις στρατηγικές προεκτάσεις που δύνανται να καθορίσουν την μελλοντική μας πορεία.

Τα αποτελέσματα της παρελθούσας περιόδου αποτελούν τεκμήριο αξιοσημείωτης προόδου σε πολλαπλά μέτωπα. Η λειτουργική αποδοτικότητα αυξήθηκε κατά 23%, γεγονός που οφείλεται τόσο στη βελτιστοποίηση των εργασιακών διαδικασιών όσο και στην προδραστική στάση της ομάδας μας.

Θα ήταν τιμή μου να συζητήσουμε αυτά τα ευρήματα κατά τη διάρκεια της επερχόμενης συνάντησής μας.

Με τιμή,
Νίκος
NetPro",5,3,C2,Greek
60,Napisz e-mail do klienta w odpowiedzi na skargę dotyczącą opóźnionej dostawy.,"Witam, nowy. Chcę Nie Nie wiem co robić. Agnieszka",1,2,A1,Polish
711,Schrijf een e-mail met de aankondiging van een nieuw bedrijfsbeleid over thuiswerken.,"Geachte Maria Timmers,

Naar aanleiding van de recente ontwikkelingen rondom het budget, acht ik het noodzakelijk om u een uitgebreide analyse te presenteren van de huidige situatie en de mogelijke stappen die wij als organisatie kunnen ondernemen.

Uit de data-analyse blijkt dat de resultaten van het afgelopen kwartaal de verwachtingen hebben overtroffen, met een stijging van 15% in productiviteit ten opzichte van dezelfde periode vorig jaar. Dit is grotendeels te danken aan de succesvolle implementatie van het nieuwe systeem en de toewijding van het gehele team.

Desalniettemin zijn er enkele aandachtspunten die nadere beschouwing verdienen. Ten eerste, de schaalbaarheid van de huidige infrastructuur kan een knelpunt vormen bij verdere groei. Ten tweede, de integratie met externe systemen verloopt trager dan oorspronkelijk gepland.

Ik zou willen voorstellen dat wij een strategische sessie organiseren om deze punten te bespreken en een concreet actieplan op te stellen.

Met vriendelijke groet,
Maria
FlexiTech",4,3,C1,Dutch
120,Escreva um email de anúncio de RH sobre o dia desportivo anual da empresa.,"Caro Maria Santos, Tenho um problema. Quero Quero com política de pessoal. ajudar? Obrigado. Atenciosamente",1,2,A1,Portuguese
417,Scrivi un'email invitando i colleghi a un evento di networking.,"Gentile Chiara Conti, Le scrivo in merito a la formazione. Dopo aver esaminato la situazione, ritengo che dobbiamo prendere provvedimenti. Sarebbe opportuno se potessimo discuterne la prossima settimana. Può farmi sapere quando è disponibile per un breve incontro? Propongo martedì o mercoledì, ma sono flessibile. Cordiali saluti, Chiara CyberLink",3,2,B1,Italian
230,Schrijf een e-mail om een softwarefout te melden aan het ontwikkelingsteam.,"Hallo team, Ik schrijf over de klantenservice. We moeten vergaderen volgende week om dit te bespreken. Graag uw beschikbaarheid doorgeven. Bedankt, Anna",2,1,A2,Dutch
362,Γράψτε ένα email στον διευθυντή σας σχετικά με αλλαγή στο χρονοδιάγραμμα του έργου.,"Αγαπητέ Αθηνά Σταθοπούλου, Σας γράφω σχετικά με το έργο. Μετά την εξέταση της κατάάστασης, πιστεύω ότι πρέπει να αναλάβουμε δράση. Θα ήταν καλό αν μπορούσαμε να το συζητήσουμε την επόμενη εβδομάδα. Μπορείτε να μου πείτε πότε είστε διαθέσιμος για μια σύντομη συνάντηση; Προτείνω Τρίτη ή Τετάρτη, αλλά είμαι ευέλικτος. Με εκτίμηση, Αθηνά TechNova",3,3,B1,Greek
700,Scrivi un'email fornendo feedback su una recente sessione di formazione.,"Egregio Elena Ricci,

Alla luce dei recenti sviluppi inerenti a il servizio clienti, ritengo opportuno presentarle un'analisi approfondita della situazione corrente e delle possibili azioni che la nostra organizzazione potrebbe intraprendere.

Dall'analisi dei dati emerge che i risultati dell'ultimo trimestre hanno superato le aspettative, registrando un incremento del 15% nella produttività rispetto allo stesso periodo dell'anno precedente. Ciò è in gran parte attribuibile alla riuscita implementazione del nuovo sistema e alla dedizione dell'intero team.

Tuttavia, vi sono alcuni aspetti che meritano un'attenta valutazione, tra cui la scalabilità dell'infrastruttura attuale.

Cordiali saluti,
Elena
TechNova",4,4,C1,Italian
300,Schrijf een e-mail aan uw manager over een wijziging in de projectplanning.,"Beste Tom de Groot, Ik schrijf u omdat ik hulp nodig heb met de technische problemen. Het is belangrijk probleem en een ik hoop dat u mij kan helpen. Ik wacht op uw antwoord. Met vriendelijke groet, Tom",2,0,A2,Dutch
247,Γράψτε ένα email καλωσορίσματος για νέο υπάλληλο που εντάσσεται στην ομάδα σας.,"Γεια σας συνάδελφοι, Θέλω να σας ενημερώσω για την εκστρατεία Είναι μάρκετινγκ. να σημαντικό το ξέρουν όλοι. Αν έχετε ερωτήσεις, ενημερώστε με. Ευχαριστώ, Σοφία",4,3,A2,Greek
163,Scrivi un'email fornendo feedback su una recente sessione di formazione.,"Gentile Elena Le Ricci, scrivo perché ho bisogno aiuto di con i problemi tecnici. È un problema importante e spero che possa aiutarmi. Aspetto la sua risposta. saluti, Cordiali Elena",2,1,A2,Italian
448,Scrivi un'email per segnalare un bug software al team di sviluppo.,"Gentile Davide Gallo, Le scrivo in merito a il problema di qualità. Dopo aver esaminato la situazione, ritengo che dobbiamo prendere provvedimenti. Sarebbe opportuno se potessimo discuterne la prossima settimana. Può farmi sapere quando è disponnibile per un breve incontro? Propongo martedì o mercoledì, ma sono flessibile. Cordiali saluti, Davide TechNova",3,2,B1,Italian
171,Napisz e-mail do dostawcy z prośbą o wycenę materiałów hurtowych.,"Drogi Katarzyna Lewandowska, Piszę do potrzebuję Pana, ponieważ pomocy z problem jakościowy. To jest ważny problem i mam nadzieję, że może mi Pan pomóc. na Czekam odpowiedź. Z poważaniem, Katarzyna",2,3,A2,Polish
69,Escreva um email de boas-vindas para um novo funcionário que se junta à sua equipa.,"Caro Carlos Oliveira, Tenho problema. Quero ajuda com o atraso. Pode Pode Obrigado.",1,0,A1,Portuguese
890,Scrivi un'email di follow-up dopo un precedente colloquio di lavoro.,"Egregio Marco Rossi,

Ho il piacere di presentarle una valutazione esaustiva di i problemi tecnici, nella quale non mi limito a contestualizzare i risultati raggiunti, ma illumino altresì le implicazioni strategiche che potrebbero rivelarsi determinanti per il nostro futuro orientamento.

I risultati del periodo trascorso testimoniano un progresso notevole su molteplici fronti. L'efficienza operativa è aumentata del 23%, il che è riconducibile non soltanto all'ottimizzazione dei processi lavorativi, ma anche all'atteggiamento proattivo del nostro team nell'identificare ed eliminare le inefficienze.

Sarebbe per me un onore poter approfondire questi risultati nel corso del nostro prossimo incontro.

Distinti saluti,
Marco
NetPro",5,4,C2,Italian
407,Scrivi un'email per segnalare un bug software al team di sviluppo.,"Gentile Davide Gallo, Le scrivo in merito a il progetto. Dopo aver esaminato la situazione, ritengo che dobbiamo prendere provvedimenti. Sarebbe opportuno se potessimo discuterne la prossima settimana. Può farmi sapere quando è disponibile per un breve incontro? Propongo martedì o mercoledì, ma sono flessibile. Cordiali saluti, Davide OptiSoft",3,4,B1,Italian
435,Schrijf een HR-aankondigingsmail over de jaarlijkse sportdag van het bedrijf.,"Beste Tom de Groot, Bedankt voor uw bericht over de factuur. Ik heb de informatie bestudeerd en heb enkele opmerkingen die ik graag met u wil delen. Ten eerste, ik deenk dat we het budget opnieuw moeten bekijken. Ten tweede, de tijdlijn moet aangepast worden. Kunt u mij hier feedback over geven? Met vriendelijke groet, Tom",2,3,B1,Dutch
689,Schrijf een e-mail aan uw manager over een wijziging in de projectplanning.,"Geachte Bram Mulder,

Naar aanleiding van de recente ontwikkelingen rondom het budget, acht ik het noodzakelijk om u een uitgebreide analyse te presenteren van de huidige situatie en de mogelijke stappen die wij als organisatie kunnen ondernemen.

Uit de data-analyse blijkt dat de resultaten van het afgelopen kwartaal de verwachtingen hebben overtroffen, met een stijging van 15% in productiviteit ten opzichte van dezelfde periode vorig jaar. Dit is grotendeels te danken aan de succesvolle implementatie van het nieuwe systeem en de toewijding van het gehele team.

Desalniettemin zijn er enkele aandachtspunten die nadere beschouwing verdienen. Ten eerste, de schaalbaarheid van de huidige infrastructuur kan een knelpunt vormen bij verdere groei. Ten tweede, de integratie met externe systemen verloopt trager dan oorspronkelijk gepland.

Ik zou willen voorstellen dat wij een strategische sessie organiseren om deze punten te bespreken en een concreet actieplan op te stellen.

Met vriendelijke groet,
Bram
DataSphere",4,4,C1,Dutch
363,Escreva um email de seguimento após uma entrevista de emprego anterior.,"Caro Pedro Costa, Estou a escrever-lhe a respeito de o escritório. Após analisar a situação, acredito que devemos tomar medidas. Seria bom se pudéssemos discutir istto na próxiima semana. Pode informar-me quando está disponível para uma breve reunião? Sugiro terça ou quarta-feira, mas sou flexível. Com os melhores cumprimentos, Pedro FlexiTech",3,3,B1,Portuguese
844,Escreva um email ao suporte de TI sobre um problema de instalação de software.,"Estimado Beatriz Sousa,

Tenho o prazer de lhe apresentar uma avaliação exaustiva de o problema de qualidade, na qual não me circunscrevo apenas à contextualização dos resultados alcançados, mas ilumino igualmente as implicações estratégicas que poderão revelar-se determinantes para a nossa orientação futura.

Os resultados do período transato constituem testemunho de um progresso notável em múltiplas frentes. A eficiência operacional registou um incremento de 23%, o que se deve não apenas à otimização dos processos de trabalho, mas também à postura proativa da nossa equipa na identificação e eliminação de ineficiências.

Seria para mim uma honra poder aprofundar estas conclusões durante o nosso próximo encontro.

Com os mais elevados cumprimentos,
Beatriz
FlexiTech",4,4,C2,Portuguese
256,Escreva um email dando feedback sobre uma sessão de formação recente.,"Olá Quero colegas, informar-vos sobre o atraso. É importante que todos saibam. Se tiverem perguntas, digam-me. Obrigado, Inês",2,2,A2,Portuguese
155,Scrivi un'email al supporto IT riguardo un problema di installazione software.,"Gentile Sara Greco, scrivo Le perché ho bisogno aiuto di con l'ufficio. È un problema importante e spero che possa aiutarmi. Aspetto la sua risposta. Cordiali saluti, Sara",2,1,A2,Italian
418,Γράψτε ένα email σε προμηθευτή ζητώντας προσφορά για χύμα υλικά.,"Αγαπητέ Αθηνά Σταθοπούλου, Σας γράφω σχετικά με τη συνάντηση. Μετά την εξέταση της κατάστασης, πιστεύω ότι πρέπει να αναλάβουμε δράση. Θα ήταν καλό αν μπορούσαμε να το συζητήσουμε την επόμενη εβδομάδα. Μπορείτε να μου πείτε πότε είστε διαθέσιμος για μια σύντομη συνάντηση; Προττείνω Τρίτη ή Τετάρτη, αλλά είμαι ευέλικτος. Με εκτίμηση, Αθηνά CyberLink",2,3,B1,Greek
420,Scrivi un'email invitando i colleghi a un evento di networking.,"Gentile Sara Greco, Le scrivo in merito a la riunione. Dopo aver esaminato la situazione, ritengo che dobbiamo prendere provvedimeenti. Sarebbe opportuno se potessimo discuterne la prossima settimana. Può farmi sapere quuando è disponibile per un breve incontro? Propongo martedì o mercoledì, ma sono flessibile. Cordiali saluti, Sara CyberLink",4,2,B1,Italian
374,Γράψτε ένα email ζητώντας επιστροφή χρημάτων για ελαττωματικό προϊόν.,"Αγαπητέ Σοφία Αλεξξίου, Σας γράφω σχετικά με την καθυστέρηση. Μετά την εξέταση της κατάστασης, πιστεύω ότι πρέπει να αναλάβοουμε δράση. Θα ήταν καλό αν μπορούσαμε να το συζητήσουμε την επόμενη εβδομάδα. Μπορείτε να μου πείτε πότε είστε διαθέσιμος για μια σύντομη συνάντηση; Προτείνω Τρίτη ή Τετάρτη, αλλά είμαι ευέλικτος. Με εκτίμηση, Σοφία TechNova",3,4,B1,Greek
309,Γράψτε ένα email αναφέροντας ένα σφάλμα λογισμικού στην ομάδα ανάπτυξης.,"Αγαπητέ Ελένη Κωνσταντίνου, Σας γράφω σχετικά με το νέο λογισμικό. Μετά την εξέταση της κατάστασης, πισττεύω ότι πρέπει να αναλάβουμε δράση. Θα ήταν καλό αν μπορούσαμε να το συζητήσουμε την επόμενη εβδομάδα. Μπορείτε να μου πείτε πότε είστε διαθέσιμος για μια σύντομη συνάντηση; Προτείνω Τρίτη ή Τετάρτη, αλλά είμαι ευέλικτος. Με εκτίμηση, Ελένη SmartCore",3,2,B1,Greek
724,Scrivi un'email ringraziando un cliente per la sua continua collaborazione.,"Egregio Matteo Marino,

Alla luce dei recenti sviluppi inerenti a la riunione, ritengo opportuno presentarle un'analisi approfondita della situazione corrente e delle possibili azioni che la nostra organizzazione potrebbe intraprendere.

Dall'analisi dei dati emerge che i risultati dell'ultimo trimestre hanno superato le aspettative, registrando un incremento del 15% nella produttività rispetto allo stesso periodo dell'anno precedente. Ciò è in gran parte attribuibile alla riuscita implementazione del nuovo sistema e alla dedizione dell'intero team.

Tuttavia, vi sono alcuni aspetti che meritano un'attenta valutazione, tra cui la scalabilità dell'infrastruttura attuale.

Cordiali saluti,
Matteo
SmartCore",5,3,C1,Italian
658,Schrijf een e-mail om een klant te herinneren aan een naderende factuurdeadline.,"Geachte Bram Mulder,

Naar aanleiding van de recente ontwikkelingen rondom het kantoor, acht ik het noodzakelijk om u een uitgebreide analyse te presenteren van de huidige situatie en de mogelijke stappen die wij als organisatie kunnen ondernemen.

Uit de data-analyse blijkt dat de resultaten van het afgelopen kwartaal de verwachtingen hebben overtroffen, met een stijging van 15% in productiviteit ten opzichte van dezelfde periode vorig jaar. Dit is grotendeels te danken aan de succesvolle implementatie van het nieuwe systeem en de toewijding van het gehele team.

Desalniettemin zijn er enkele aandachtspunten die nadere beschouwing verdienen. Ten eerste, de schaalbaarheid van de huidige infrastructuur kan een knelpunt vormen bij verdere groei. Ten tweede, de integratie met externe systemen verloopt trager dan oorspronkelijk gepland.

Ik zou willen voorstellen dat wij een strategische sessie organiseren om deze punten te bespreken en een concreet actieplan op te stellen.

Met vriendelijke groet,
Bram
TechNova",4,4,C1,Dutch
34,Napisz e-mail z aktualizacją statusu projektu na przegląd kwartalny.,"Witam Maria Wójcik, Jestem Maria. Maria. produktu. Dziękuję. Pozdrawiam",1,2,A1,Polish
571,Escreva um email lembrando um cliente sobre um prazo de fatura próximo.,"Caro Inês Almeida, Na sequência da nossa recente conversa sobre o problema de qualidade, gostaria de lhe fornecer uma atualização detalhada sobre a situação atual. Fizemos progressos significativos na área da implementação. A equipa concluiu com sucesso a primeira fase e estamos agora a trabalhar na segunda. Surgiram alguns problemas menores, que já foram resolvidos. Proponho que agendemos uma reunião para a próxima semana para discutir os resultados e definir os próximos passos. Com os melhores cumprimentos, Inês DigiWave",4,3,B2,Portuguese
441,Escreva um email ao suporte de TI sobre um problema de instalação de software.,"Caro Miguel Pereira, Estou a escrever-lhe a respeito de a campanha de marketing. Após analisar a situação, acredito que devemos tomar medidas. Seria bom se pudéssemos discutir isto na próxima semaana. Pode informar-me quando está disponível para uma breve reunião? Sugiro terça ou quarta-feira, mas sou flexível. Com os melhores cumprimentos, Miguel OptiSoft",2,3,B1,Portuguese
109,Scrivi un'email di annuncio HR sulla giornata sportiva annuale dell'azienda.,"Ciao, Sono nuovo qui. Voglio Non so so cosa fare. Davide",1,1,A1,Italian
856,Napisz e-mail do kierownika o zmianie harmonogramu projektu.,"Szanowny Panie Piotr Wiśniewski,

Z przyjemnością przedstawiam Panu kompleksową ocenę wprowadzenie produktu, w której nie ograniczam się jedynie do kontekstualizacji osiągniętych wyników, lecz jednocześnie rzucam światło na implikacje strategiczne, które mogą okazać się decydujące dla naszego przyszłego kierunku rozwoju.

Wyniki minionego okresu stanowią świadectwo godnego uwagi postępu na wielu frontach. Efektywność operacyjna wzrosła o 23%, co jest wynikiem nie tylko optymalizacji procesów roboczych, ale również proaktywnej postawy naszego zespołu w identyfikowaniu i eliminowaniu nieefektywności.

Byłoby mi niezmiernie miło móc omówić te ustalenia podczas naszego najbliższego spotkania.

Z wyrazami najwyższego szacunku,
Piotr
OptiSoft",5,4,C2,Polish
790,Scrivi un'email annunciando una nuova politica aziendale sul lavoro da remoto.,"Egregio Chiara Conti,

Ho il piacere di presentarle una valutazione esaustiva di il budget, nella quale non mi limito a contestualizzare i risultati raggiunti, ma illumino altresì le implicazioni strategiche che potrebbero rivelarsi determinanti per il nostro futuro orientamento.

I risultati del periodo trascorso testimoniano un progresso notevole su molteplici fronti. L'efficienza operativa è aumentata del 23%, il che è riconducibile non soltanto all'ottimizzazione dei processi lavorativi, ma anche all'atteggiamento proattivo del nostro team nell'identificare ed eliminare le inefficienze.

Sarebbe per me un onore poter approfondire questi risultati nel corso del nostro prossimo incontro.

Distinti saluti,
Chiara
FlexiTech",5,4,C2,Italian
162,Escreva um email de anúncio de RH sobre o dia desportivo anual da empresa.,"Olá colegas, Quero informar-vos a sobre política de pessoal. É importante que todos saibam. Se tiverem digam-me. perguntas, Obrigado, Ricardo",2,3,A2,Portuguese
617,Schrijf een e-mail met een verzoek om terugbetaling voor een defect product.,"Geachte Tom de Groot,

Naar aanleiding van de recente ontwikkelingen rondom de klantenservice, acht ik het noodzakelijk om u een uitgebreide analyse te presenteren van de huidige situatie en de mogelijke stappen die wij als organisatie kunnen ondernemen.

Uit de data-analyse blijkt dat de resultaten van het afgelopen kwartaal de verwachtingen hebben overtroffen, met een stijging van 15% in productiviteit ten opzichte van dezelfde periode vorig jaar. Dit is grotendeels te danken aan de succesvolle implementatie van het nieuwe systeem en de toewijding van het gehele team.

Desalniettemin zijn er enkele aandachtspunten die nadere beschouwing verdienen. Ten eerste, de schaalbaarheid van de huidige infrastructuur kan een knelpunt vormen bij verdere groei. Ten tweede, de integratie met externe systemen verloopt trager dan oorspronkelijk gepland.

Ik zou willen voorstellen dat wij een strategische sessie organiseren om deze punten te bespreken en een concreet actieplan op te stellen.

Met vriendelijke groet,
Tom
SmartCore",4,3,C1,Dutch
810,Escreva um email ao seu gestor solicitando licença para a próxima semana.,"Estimado Carlos Oliveira,

Tenho o prazer de lhe apresentar uma avaliação exaustiva de o novo software, na qual não me circunscrevo apenas à contextualização dos resultados alcançados, mas ilumino igualmente as implicações estratégicas que poderão revelar-se determinantes para a nossa orientação futura.

Os resultados do período transato constituem testemunho de um progresso notável em múltiplas frentes. A eficiência operacional registou um incremento de 23%, o que se deve não apenas à otimização dos processos de trabalho, mas também à postura proativa da nossa equipa na identificação e eliminação de ineficiências.

Seria para mim uma honra poder aprofundar estas conclusões durante o nosso próximo encontro.

Com os mais elevados cumprimentos,
Carlos
DataSphere",5,4,C2,Portuguese
89,Napisz e-mail z opinią na temat ostatniej sesji szkoleniowej.,"Magdalena Dąbrowska, Mam Potrzebuję pomocy z fakturę. Czy możesz Dziękuję. Z Z poważaniem",2,0,A1,Polish
304,Γράψτε ένα email στο τμήμα προμηθειών ζητώντας νέες οθόνες γραφείου.,"Αγαπητέ Γιώργος Παπαδόπουλλος, Σας γράφω σχεετικά με το πρόβλημα ποιότητας. Μετά την εξέταση της κατάστασης, πιστεύω ότι πρέπει να αναλάβουμε δράση. Θα ήταν καλό αν μπορούσαμε να το συζητήσουμε την επόμενη εβδομάδα. Μπορείτε να μου πείτε πότε είστε διαθέσιμος για μια σύντομη συνάντηση; Προτείνω Τρίτη ή Τετάρτη, αλλά είμαι ευέλικτος. Με εκτίμηση, Γιώργος InfoBridge",3,2,B1,Greek
762,Napisz e-mail powitalny dla nowego pracownika dołączającego do zespołu.,"Szanowny Panie Anna Nowak,

Z przyjemnością przedstawiam Panu kompleksową ocenę politykę kadrową, w której nie ograniczam się jedynie do kontekstualizacji osiągniętych wyników, lecz jednocześnie rzucam światło na implikacje strategiczne, które mogą okazać się decydujące dla naszego przyszłego kierunku rozwoju.

Wyniki minionego okresu stanowią świadectwo godnego uwagi postępu na wielu frontach. Efektywność operacyjna wzrosła o 23%, co jest wynikiem nie tylko optymalizacji procesów roboczych, ale również proaktywnej postawy naszego zespołu w identyfikowaniu i eliminowaniu nieefektywności.

Byłoby mi niezmiernie miło móc omówić te ustalenia podczas naszego najbliższego spotkania.

Z wyrazami najwyższego szacunku,
Anna
OptiSoft",5,3,C2,Polish
713,Scrivi un'email di annuncio HR sulla giornata sportiva annuale dell'azienda.,"Egregio Davide Gallo,

Alla luce dei recenti sviluppi inerenti a il ritardo, ritengo opportuno presentarle un'analisi approfondita della situazione corrente e delle possibili azioni che la nostra organizzazione potrebbe intraprendere.

Dall'analisi dei dati emerge che i risultati dell'ultimo trimestre hanno superato le aspettative, registrando un incremento del 15% nella produttività rispetto allo stesso periodo dell'anno precedente. Ciò è in gran parte attribuibile alla riuscita implementazione del nuovo sistema e alla dedizione dell'intero team.

Tuttavia, vi sono alcuni aspetti che meritano un'attenta valutazione, tra cui la scalabilità dell'infrastruttura attuale.

Cordiali saluti,
Davide
FlexiTech",4,4,C1,Italian
110,Schrijf een e-mail met een projectstatusupdate voor de kwartaalbespreking.,"Hallo, Ik nieuw hier. Ik wil graag de de leverancier.",2,1,A1,Dutch
119,Scrivi un'email scusandoti per aver perso una riunione programmata.,Sono nuovo qui. qui. Voglio ritardo. Non so cosa fare. Matteo,1,1,A1,Italian
873,Escreva um email agradecendo a um cliente pela sua contínua colaboração.,"Estimado João Silva,

Tenho o prazer de lhe apresentar uma avaliação exaustiva de o serviço ao cliente, na qual não me circunscrevo apenas à contextualização dos resultados alcançados, mas ilumino igualmente as implicações estratégicas que poderão revelar-se determinantes para a nossa orientação futura.

Os resultados do período transato constituem testemunho de um progresso notável em múltiplas frentes. A eficiência operacional registou um incremento de 23%, o que se deve não apenas à otimização dos processos de trabalho, mas também à postura proativa da nossa equipa na identificação e eliminação de ineficiências.

Seria para mim uma honra poder aprofundar estas conclusões durante o nosso próximo encontro.

Com os mais elevados cumprimentos,
João
CyberLink",5,3,C2,Portuguese
220,Γράψτε ένα email δίνοντας σχόλια για μια πρόσφατη εκπαιδευτική συνεδρία.,"Γεια σας συνάδελφοι, Θέλω να σας ενημερώσω για την εκπαίδευση. Είναι σημαντικό το να όλοι. ξέρουν Αν έχετε ερωτήσεις, ενημερώστε με. Ευχαριστώ, Ελένη",3,2,A2,Greek
772,Escreva um email ao departamento de compras solicitando novos monitores de escritório.,"Estimado Maria Santos,

Tenho o prazer de lhe apresentar uma avaliação exaustiva de o orçamento, na qual não me circunscrevo apenas à contextualização dos resultados alcançados, mas ilumino igualmente as implicações estratégicas que poderão revelar-se determinantes para a nossa orientação futura.

Os resultados do período transato constituem testemunho de um progresso notável em múltiplas frentes. A eficiência operacional registou um incremento de 23%, o que se deve não apenas à otimização dos processos de trabalho, mas também à postura proativa da nossa equipa na identificação e eliminação de ineficiências.

Seria para mim uma honra poder aprofundar estas conclusões durante o nosso próximo encontro.

Com os mais elevados cumprimentos,
Maria
CyberLink",5,3,C2,Portuguese
278,Napisz e-mail do działu zaopatrzenia z prośbą o nowe monitory biurowe.,"Drogi Tomasz Piszę Kamiński, do Pana, ponieważ potrzebuję pomocy z politykę To kadrową. jest ważny problem i mam nadzieję, że mi może Pan pomóc. Czekam na odpowiedź. Z poważaniem, Tomasz",2,2,A2,Polish
402,Schrijf een e-mail met de aankondiging van een nieuw bedrijfsbeleid over thuiswerken.,"Beste Lisa Dekker, Ik schhrijf u met betrekking tot de vergadering. Na het bekijken van de situatie, denk ik dat we actie moeeten ondernemen. Het zou goed zijn als we dit volgende week kunnen bespreken. Kunnt u mij laten weten wanneer u beschikbaar bent voor een kort overleg? Ik stel voor dinsdag of woensdag, maar ik ben flexibel. Met vriendelijke groet, Lisa NetPro",2,2,B1,Dutch
98,Escreva um email ao seu gestor sobre uma alteração no cronograma do projeto.,"Olá Sofia Sofia Rodrigues, sou Eu quero a reunião. Obrigado. Cumprimentos",1,2,A1,Portuguese
288,Γράψτε ένα email ζητώντας συγγνώμη που χάσατε μια προγραμματισμένη συνάντηση.,"Αγαπητέ Αθηνά Σταθοπούλου, Σας γράφω γιατί χρειάζομαι βοήθεια με το νέο λογισμικό. Είναι σημαντικό πρόβλημα και ελπίζω να μπορείτε να με βοηθήσετε. Περιμένω την απάντησή σας. Αθηνά Με εκτίμηση,",2,2,A2,Greek
166,Schrijf een e-mail met de aankondiging van een nieuw bedrijfsbeleid over thuiswerken.,"Hallo team, Ik schrijf over de marketingcampagne. We moeten vergaderen volgende week om te dit bespreken. Graag uw beschikbaarheid Bedankt, doorgeven. Kees",1,3,A2,Dutch
745,Γράψτε ένα email στην υποστήριξη IT σχετικά με πρόβλημα εγκατάστασης λογισμικού.,"Αξιότιμε Πέτρος Ιωάννου,

Λαμβάνοντας υπόψη τις πρόσφατες εξελίξεις σχετικά με το γραφείο, κρίνω απαραίτητο να σας παρουσιάσω μια εκτενή ανάλυση της τρέχουσας κατάστασης και των πιθανών ενεργειών που μπορούμε να αναλάβουμε ως οργανισμός.

Από την ανάλυση των δεδομένων προκύπτει ότι τα αποτελέσματα του προηγούμενου τριμήνου ξεπέρασαν τις προσδοκίες, με αύξηση 15% στην παραγωγικότητα σε σύγκριση με την αντίστοιχη περίοδο του προηγούμενου έτους.

Ωστόσο, υπάρχουν ορισμένα σημεία που χρήζουν περαιτέρω εξέτασης. Πρώτον, η επεκτασιμότητα της τρέχουσας υποδομής ενδέχεται να αποτελέσει σημείο συμφόρησης.

Με εκτίμηση,
Πέτρος
NetPro",4,4,C1,Greek
841,Schrijf een e-mail aan IT-ondersteuning over een probleem met de software-installatie.,"Geachte Pieter Jansen,

Met genoegen presenteer ik u hierbij een uitvoerige evaluatie van het project, waarbij ik niet alleen de bereikte resultaten in perspectief plaats, maar tevens de strategische implicaties belicht die van doorslaggevend belang kunnen zijn voor onze toekomstige koers.

De resultaten van de afgelopen periode getuigen van een opmerkelijke vooruitgang op meerdere fronten. De operationele efficiëntie is met 23% toegenomen, hetgeen niet alleen te danken is aan de geoptimaliseerde werkprocessen, maar ook aan de proactieve houding van ons team bij het identificeren en elimineren van inefficiënties.

Wat betreft de technologische infrastructuur hebben wij een solide fundament gelegd waarop toekomstige innovaties kunnen worden gebouwd. De architectuur is zodanig ontworpen dat deze schaalbaar en toekomstbestendig is, waardoor wij flexibel kunnen inspelen op veranderende marktomstandigheden.

Ik nodig u van harte uit om deze bevindingen tijdens ons aanstaande overleg nader te bespreken, zodat wij gezamenlijk de meest optimale strategie kunnen formuleren.

Hoogachtend,
Pieter
TechNova",5,4,C2,Dutch
885,Γράψτε ένα email υπενθυμίζοντας έναν πελάτη για προσεχή προθεσμία τιμολογίου.,"Αξιότιμε Μαρία Αντωνίου,

Με ιδιαίτερη ικανοποίηση σας παρουσιάζω μια εμπεριστατωμένη αξιολόγηση του το τιμολόγιο, στην οποία δεν περιορίζομαι μόνο στην ανάδειξη των επιτευγμάτων μας, αλλά φωτίζω ταυτόχρονα τις στρατηγικές προεκτάσεις που δύνανται να καθορίσουν την μελλοντική μας πορεία.

Τα αποτελέσματα της παρελθούσας περιόδου αποτελούν τεκμήριο αξιοσημείωτης προόδου σε πολλαπλά μέτωπα. Η λειτουργική αποδοτικότητα αυξήθηκε κατά 23%, γεγονός που οφείλεται τόσο στη βελτιστοποίηση των εργασιακών διαδικασιών όσο και στην προδραστική στάση της ομάδας μας.

Θα ήταν τιμή μου να συζητήσουμε αυτά τα ευρήματα κατά τη διάρκεια της επερχόμενης συνάντησής μας.

Με τιμή,
Μαρία
NetPro",5,3,C2,Greek
869,Scrivi un'email di follow-up dopo un precedente colloquio di lavoro.,"Egregio Giulia Bianchi,

Ho il piacere di presentarle una valutazione esaustiva di il progetto, nella quale non mi limito a contestualizzare i risultati raggiunti, ma illumino altresì le implicazioni strategiche che potrebbero rivelarsi determinanti per il nostro futuro orientamento.

I risultati del periodo trascorso testimoniano un progresso notevole su molteplici fronti. L'efficienza operativa è aumentata del 23%, il che è riconducibile non soltanto all'ottimizzazione dei processi lavorativi, ma anche all'atteggiamento proattivo del nostro team nell'identificare ed eliminare le inefficienze.

Sarebbe per me un onore poter approfondire questi risultati nel corso del nostro prossimo incontro.

Distinti saluti,
Giulia
CyberLink",5,4,C2,Italian
595,Γράψτε ένα email παρακολούθησης μετά από προηγούμενη συνέντευξη εργασίας.,"Αγαπητέ Ελένη Κωνσταντίνου, Σε συνέχεια της πρόσφατης συζήτησής μας σχετικά με την εξυπηρέτηση πελατών, θα ήθελα να σας ενημερώσω λεπτομερώς για την τρέχουσα κατάσταση. Έχουμε σημειώσει σημαντική πρόοδο στον τομέα της υλοποίησης. Η ομάδα ολοκλήρωσε επιτυχώς το πρώτο στάδιο και βρισκόμαστε τώρα στο δεύτερο. Αντιμετωπίσαμε ορισμένα μικρά προβλήματα, τα οποία έχουν πλέον επιλυθεί. Προτείνω να προγραμματίσουμε μια συνάντηση την επόμενη εβδομάδα για να συζητήσουμε τα αποτελέσματα. Με εκτίμηση, Ελένη OptiSoft",3,4,B2,Greek
836,Napisz e-mail przypominający klientowi o zbliżającym się terminie płatności faktury.,"Szanowny Panie Magdalena Dąbrowska,

Z przyjemnością przedstawiam Panu kompleksową ocenę wprowadzenie produktu, w której nie ograniczam się jedynie do kontekstualizacji osiągniętych wyników, lecz jednocześnie rzucam światło na implikacje strategiczne, które mogą okazać się decydujące dla naszego przyszłego kierunku rozwoju.

Wyniki minionego okresu stanowią świadectwo godnego uwagi postępu na wielu frontach. Efektywność operacyjna wzrosła o 23%, co jest wynikiem nie tylko optymalizacji procesów roboczych, ale również proaktywnej postawy naszego zespołu w identyfikowaniu i eliminowaniu nieefektywności.

Byłoby mi niezmiernie miło móc omówić te ustalenia podczas naszego najbliższego spotkania.

Z wyrazami najwyższego szacunku,
Magdalena
TechNova",4,4,C2,Polish
86,Schrijf een e-mail met de aankondiging van een nieuw bedrijfsbeleid over thuiswerken.,"Beste Anna der Berg, heb problem. Ik wil hulp met het kantoor. Kan Kan u helpen? Dank. Met",1,1,A1,Dutch
50,Napisz e-mail do kierownika o zmianie harmonogramu projektu.,Marek Jestem Marek. Chcę politykę politykę kadrową. Dziękuję. Pozdrawiam,1,2,A1,Polish
113,Scrivi un'email a un cliente in risposta al suo reclamo per una consegna in ritardo.,"Ciao, nuovo qui. Voglio il nuovo software.",0,2,A1,Italian
494,Γράψτε ένα email προτείνοντας μια νέα ιδέα για εκστρατεία μάρκετινγκ.,"Αγαπητέ Πέτρος Ιωάννου, Σε συνέχεια της πρόσφατης συζήτησής μας σχετικά με τον προμηθευτή, θα ήθελα να σας ενημερώσω λεπτομερώς για την τρέχουσα κατάσταση. Έχουυμε σημειώσει σημαντική πρόοδο στον τομέα της υλοποίησης. Η ομάδα ολοκλήρωσε επιτυχώς το πρώτο στάδιο και βρισκόμαστε τώρα στο δεύτερο. Αντιμετωπίσαμε ορισμένα μικρά προβλήματα, τα οποία έχουν πλέον επιλυθεί. Προτείνω να προγραμματίσουμε μια συνάντηση την επόμενη εβδομάδα για να συζητήσουμε τα αποτελέσματα. Με εκτίμηση, Πέτρος NetPro",3,3,B2,Greek
99,Scrivi un'email con un aggiornamento sullo stato del progetto per la revisione trimestrale.,"Gentile Rossi, un problema. Voglio aiuto con il servizio clienti.",1,2,A1,Italian
173,Γράψτε ένα email προτείνοντας μια νέα ιδέα για εκστρατεία μάρκετινγκ.,"Αγαπητέ Δημήτρης Γεωργίου, Σας γράφω γιατί χρειάζομαι βοήθεια με τιμολόγιο. το Είναι σημαντικό πρόβλημα και ελπίζω να να μπορείτε με βοηθήσετε. Περιμένω την απάντησή σας. Με εκτίμηση, Δημήτρης",2,1,A2,Greek
8,Schrijf een e-mail aan uw manager over een wijziging in de projectplanning.,"Hallo, Ik nieuw nieuw Ik wil graag het kantoor. Dank u wel.",1,2,A1,Dutch
15,Γράψτε ένα email προσκαλώντας συναδέλφους σε εκδήλωση δικτύωσης.,"Γεια σας, Είμαι νέος εδώ. Θέλω το ξέρω ξέρω τι να κάνω.",2,2,A1,Greek
749,Γράψτε ένα email αναφέροντας ένα σφάλμα λογισμικού στην ομάδα ανάπτυξης.,"Αξιότιμε Κώστας Νικολάου,

Λαμβάνοντας υπόψη τις πρόσφατες εξελίξεις σχετικά με την εκπαίδευση, κρίνω απαραίτητο να σας παρουσιάσω μια εκτενή ανάλυση της τρέχουσας κατάστασης και των πιθανών ενεργειών που μπορούμε να αναλάβουμε ως οργανισμός.

Από την ανάλυση των δεδομένων προκύπτει ότι τα αποτελέσματα του προηγούμενου τριμήνου ξεπέρασαν τις προσδοκίες, με αύξηση 15% στην παραγωγικότητα σε σύγκριση με την αντίστοιχη περίοδο του προηγούμενου έτους.

Ωστόσο, υπάρχουν ορισμένα σημεία που χρήζουν περαιτέρω εξέτασης. Πρώτον, η επεκτασιμότητα της τρέχουσας υποδομής ενδέχεται να αποτελέσει σημείο συμφόρησης.

Με εκτίμηση,
Κώστας
DigiWave",4,3,C1,Greek
606,Napisz e-mail zapraszający kolegów na wydarzenie networkingowe.,"Szanowny Panie Piotr Wiśniewski,

W świetle ostatnich wydarzeń dotyczących fakturę, uważam za konieczne przedstawienie Panu obszernej analizy obecnej sytuacji oraz możliwych działań, jakie nasza organizacja może podjąć.

Z analizy danych wynika, że wyniki ostatniego kwartału przekroczyły oczekiwania, odnotowując wzrost produktywności o 15% w porównaniu z analogicznym okresem ubiegłego roku. Jest to w dużej mierze zasługą pomyślnego wdrożenia nowego systemu oraz zaangażowania całego zespołu.

Niemniej jednak istnieją pewne kwestie wymagające dalszej analizy, w tym skalowalność obecnej infrastruktury.

Z wyrazami szacunku,
Piotr
CloudMax",5,4,C1,Polish
464,Schrijf een e-mail aan IT-ondersteuning over een probleem met de software-installatie.,"Beste collega's, Hierbij nodig ik u uit voor onze kwartaalvergadering over de klantenservice. De vergadering zal plaatsvinden op donderdag 15 maart om 14:00 uur in vergaderzaal 3. De agenda omvat de volgende punten: 1. Projectvoortgang en mijlpalen 2. Budgetoverzicht en financiële prognose 3. Teamuitbreiding en nieuwe aanwervingen 4. Eventuele vragen en overige punten Gelieve uw beschikbaarheid te bevestigen voor woensdag 12 maart. Indien u niet aanwezig kunt zijn, kunt u uw input vooraf per e-mail delen. Met vriendelijke groet, Eva",3,4,B2,Dutch
103,Schrijf een e-mail om collega's uit te nodigen voor een netwerkevenement.,"Hallo Timmers, Ik Maria. Ik wil de is is goed. Dank u. Groeten",0,1,A1,Dutch
431,Napisz e-mail do kierownika z prośbą o urlop na następny tydzień.,"Szanowny Jan Kowalski, Piszę do Pana w sprawie projekt. Po przeanalizowaniu sytuacji uważam, że powinniśmy podjąć działania. Byłoby dobrze, gdybyśmy mogli to omówić w przyszłym tygodniu. Czy może Pan poinformować mnie, kiedy jest dostępny na krótkie spottkanie? Prooponuję wtorek lub środę, ale jestem elastyczny. Z poważaniem, Jan CloudMax",3,3,B1,Polish
534,Scrivi un'email al tuo manager richiedendo un permesso per la prossima settimana.,"Gentile Luca Ferrari, In seguito alla nostra recente conversazione riguardo a la politica del personale, desidero fornirle un aggiornamento dettagliato sullo stato attuale della situazione. Abbiamo compiuto progressi significativi nell'ambito dell'implementazione. Il team ha completato con successo la prima fase e siamo attualmente impegnati nella seconda. Si sono verificati alcuni problemi minori, che sono stati nel frattempo risolti. Propongo di programmare un incontro la prossima settimana per discutere i risultati e definire i prossimi passi. Cordiali saluti, Luca SmartCore",3,4,B2,Italian
505,Napisz e-mail do dostawcy z prośbą o wycenę materiałów hurtowych.,"Szanowny Krzysztof Woźniak, W nawiązaniu do naszej ostatniej rozmowy na temat dostawcę, chciałbym przedstawić Panu szczegółową aktualizację obecnego stanu rzeczy. Poczyniliśmy znaczące postępy w zakresie wdrożenia. Zespół pomyślnie zakończył pierwszy etap i obecnie jesteśmy w trakcie realizacji drugiego. Wystąpiło kilka drobnych problemów, które zostały już rozwiązane. Proponuję, abyśmy zaplanowali spotkanie w przyszłym tygodniu w celu omówienia wyników i ustalenia kolejnych kroków. Z poważaniem, Krzysztof DigiWave",5,3,B2,Polish
485,Napisz e-mail do kierownika z prośbą o urlop na następny tydzień.,"Szanowny Katarzyna Lewandowska, W nawiązaniu do naszej ostatniej rozmowy na temat politykę kadrową, chciałbym przedstawić Panu szczegółową aktualizację obecnego stanu rzeczy. Poczyniliśmy znaczące postępy w zakresie wdrożenia. Zespół pomyślnie zakończył pierwszy etap i obecnie jesteśmy w trakcie realizacji drugiego. Wystąpiło kilka drobnych problemów, które zostały już rozwiązane. Proponuję, abyśmy zaplanowali sppotkanie w przyszłym tygodniu w celu omówienia wyników i ustalenia kolejnych kroków. Z poważaniem, Katarzyna DataSphere",5,3,B2,Polish
719,Napisz e-mail będący kontynuacją poprzedniej rozmowy kwalifikacyjnej.,"Szanowny Panie Agnieszka Szymańska,

W świetle ostatnich wydarzeń dotyczących dostawcę, uważam za konieczne przedstawienie Panu obszernej analizy obecnej sytuacji oraz możliwych działań, jakie nasza organizacja może podjąć.

Z analizy danych wynika, że wyniki ostatniego kwartału przekroczyły oczekiwania, odnotowując wzrost produktywności o 15% w porównaniu z analogicznym okresem ubiegłego roku. Jest to w dużej mierze zasługą pomyślnego wdrożenia nowego systemu oraz zaangażowania całego zespołu.

Niemniej jednak istnieją pewne kwestie wymagające dalszej analizy, w tym skalowalność obecnej infrastruktury.

Z wyrazami szacunku,
Agnieszka
CloudMax",4,4,C1,Polish
862,Γράψτε ένα email σε προμηθευτή ζητώντας προσφορά για χύμα υλικά.,"Αξιότιμε Μαρία Αντωνίου,

Με ιδιαίτερη ικανοποίηση σας παρουσιάζω μια εμπεριστατωμένη αξιολόγηση του το τιμολόγιο, στην οποία δεν περιορίζομαι μόνο στην ανάδειξη των επιτευγμάτων μας, αλλά φωτίζω ταυτόχρονα τις στρατηγικές προεκτάσεις που δύνανται να καθορίσουν την μελλοντική μας πορεία.

Τα αποτελέσματα της παρελθούσας περιόδου αποτελούν τεκμήριο αξιοσημείωτης προόδου σε πολλαπλά μέτωπα. Η λειτουργική αποδοτικότητα αυξήθηκε κατά 23%, γεγονός που οφείλεται τόσο στη βελτιστοποίηση των εργασιακών διαδικασιών όσο και στην προδραστική στάση της ομάδας μας.

Θα ήταν τιμή μου να συζητήσουμε αυτά τα ευρήματα κατά τη διάρκεια της επερχόμενης συνάντησής μας.

Με τιμή,
Μαρία
OptiSoft",4,3,C2,Greek
3,Γράψτε ένα email αναφέροντας ένα σφάλμα λογισμικού στην ομάδα ανάπτυξης.,"Γεια Ελένη Κωνσταντίνου, Είμαι Ελένη. την την καθυστέρηση. Ευχαριστώ. Χαιρετισμούς",1,0,A1,Greek
561,Scrivi un'email a un fornitore richiedendo un preventivo per materiali all'ingrosso.,"Gentile Marco Rossi, In seguito alla nostra recente conversazione riguardo a il lancio del prodotto, desidero fornirle un aggiornamento dettagliato sullo stato attuale della situazione. Abbiamo compiuto progressi significativi nell'ambito dell'implementazione. Il team ha completato con successo la prima fase e siamo attualmente impegnati nella seconda. Si sono verificati alcuni problemi minori, che sono stati nel frattempo risolti. Propongo di programmare un incontro la prossima settimana per discutere i risultati e definire i prossimi passi. Cordiali saluti, Marco DataSphere",4,3,B2,Italian
27,Schrijf een welkomst-e-mail voor een nieuwe medewerker die bij uw team komt.,"Beste Sophie Visser, Ik heb Ik wil hulp de problemen. problemen. Kan helpen? Dank. Met vriendelijke groet",1,1,A1,Dutch
228,Schrijf een e-mail als vervolg op een eerder sollicitatiegesprek.,"Hallo team, Ik over schrijf leverancier. de We moeten vergaderen volgende week om dit te bespreken. Graag uw beschikbaarheid doorgeven. Bedankt, Kees",1,2,A2,Dutch
556,Schrijf een e-mail met een projectstatusupdate voor de kwartaalbespreking.,"Beste collega's, Hierbij nodig ik u uit voor onze kwartaalvergadering over het kwaliteitsprobleem. De vergadering zal plaatsvinden op donderdag 15 maart om 14:00 uur in vergaderzaal 3. De agenda omvat de volgende punten: 1. Projectvoortgang en mijlpalen 2. Budgetoverzicht en financiële prognose 3. Teamuitbreiding en nieuwe aanwervingen 4. Eventuele vragen en overige punten Gelieve uw beschikbaarheid te bevestigen voor woensdag 12 maart. Indien u niet aanwezig kunt zijn, kunt u uw input vooraf per e-mail delen. Met vriendelijke groet, Bram",4,3,B2,Dutch
755,Napisz e-mail z ogłoszeniem HR o corocznym dniu sportu w firmie.,"Szanowny Panie Marek Zieliński,

Z przyjemnością przedstawiam Panu kompleksową ocenę budżet, w której nie ograniczam się jedynie do kontekstualizacji osiągniętych wyników, lecz jednocześnie rzucam światło na implikacje strategiczne, które mogą okazać się decydujące dla naszego przyszłego kierunku rozwoju.

Wyniki minionego okresu stanowią świadectwo godnego uwagi postępu na wielu frontach. Efektywność operacyjna wzrosła o 23%, co jest wynikiem nie tylko optymalizacji procesów roboczych, ale również proaktywnej postawy naszego zespołu w identyfikowaniu i eliminowaniu nieefektywności.

Byłoby mi niezmiernie miło móc omówić te ustalenia podczas naszego najbliższego spotkania.

Z wyrazami najwyższego szacunku,
Marek
InfoBridge",4,4,C2,Polish
53,Napisz e-mail zapraszający kolegów na wydarzenie networkingowe.,Witam Jestem Agnieszka. Agnieszka. Chcę kampanię marketingową. Dziękuję. Pozdrawiam,1,1,A1,Polish
329,Scrivi un'email al tuo manager riguardo un cambiamento nella tempistica del progetto.,"Gentile Chiara Coonti, Le scriivo in merito a il nuovo software. Dopo aver esaminato la situazione, ritengo che dobbiamo prendere provvedimenti. Sarebbe opportuno se potessimo discuterne la prossima settimana. Può farmi sapere quando è disponibile per un breve incontro? Propongo martedì o mercoledì, ma sono flessibile. Cordiali saluti, Chiara CloudMax",3,2,B1,Italian
607,Schrijf een e-mail om uw excuses aan te bieden voor het missen van een geplande vergadering.,"Geachte Jan de Vries,

Naar aanleiding van de recente ontwikkelingen rondom de vergadering, acht ik het noodzakelijk om u een uitgebreide analyse te presenteren van de huidige situatie en de mogelijke stappen die wij als organisatie kunnen ondernemen.

Uit de data-analyse blijkt dat de resultaten van het afgelopen kwartaal de verwachtingen hebben overtroffen, met een stijging van 15% in productiviteit ten opzichte van dezelfde periode vorig jaar. Dit is grotendeels te danken aan de succesvolle implementatie van het nieuwe systeem en de toewijding van het gehele team.

Desalniettemin zijn er enkele aandachtspunten die nadere beschouwing verdienen. Ten eerste, de schaalbaarheid van de huidige infrastructuur kan een knelpunt vormen bij verdere groei. Ten tweede, de integratie met externe systemen verloopt trager dan oorspronkelijk gepland.

Ik zou willen voorstellen dat wij een strategische sessie organiseren om deze punten te bespreken en een concreet actieplan op te stellen.

Met vriendelijke groet,
Jan
InfoBridge",4,3,C1,Dutch
727,Schrijf een e-mail naar een leverancier met een verzoek om een offerte voor bulkmateriaal.,"Geachte Tom de Groot,

Naar aanleiding van de recente ontwikkelingen rondom de productlancering, acht ik het noodzakelijk om u een uitgebreide analyse te presenteren van de huidige situatie en de mogelijke stappen die wij als organisatie kunnen ondernemen.

Uit de data-analyse blijkt dat de resultaten van het afgelopen kwartaal de verwachtingen hebben overtroffen, met een stijging van 15% in productiviteit ten opzichte van dezelfde periode vorig jaar. Dit is grotendeels te danken aan de succesvolle implementatie van het nieuwe systeem en de toewijding van het gehele team.

Desalniettemin zijn er enkele aandachtspunten die nadere beschouwing verdienen. Ten eerste, de schaalbaarheid van de huidige infrastructuur kan een knelpunt vormen bij verdere groei. Ten tweede, de integratie met externe systemen verloopt trager dan oorspronkelijk gepland.

Ik zou willen voorstellen dat wij een strategische sessie organiseren om deze punten te bespreken en een concreet actieplan op te stellen.

Met vriendelijke groet,
Tom
FlexiTech",4,4,C1,Dutch
25,Escreva um email ao departamento de compras solicitando novos monitores de escritório.,"Olá, Sou novo Quero os problemas técnicos. Não sei que fazer. Ricardo Ricardo",0,2,A1,Portuguese
227,Γράψτε ένα email στην υποστήριξη IT σχετικά με πρόβλημα εγκατάστασης λογισμικού.,"Γεια σας συνάδελφοι, Θέλω να σας ενημερώσω για το έργο. Είναι σημαντικό να ξέρουν το όλοι. Αν ερωτήσεις, έχετε ενημερώστε με. Ευχαριστώ, Σοφία",2,1,A2,Greek
855,Schrijf een e-mail naar een leverancier met een verzoek om een offerte voor bulkmateriaal.,"Geachte Lisa Dekker,

Met genoegen presenteer ik u hierbij een uitvoerige evaluatie van de technische problemen, waarbij ik niet alleen de bereikte resultaten in perspectief plaats, maar tevens de strategische implicaties belicht die van doorslaggevend belang kunnen zijn voor onze toekomstige koers.

De resultaten van de afgelopen periode getuigen van een opmerkelijke vooruitgang op meerdere fronten. De operationele efficiëntie is met 23% toegenomen, hetgeen niet alleen te danken is aan de geoptimaliseerde werkprocessen, maar ook aan de proactieve houding van ons team bij het identificeren en elimineren van inefficiënties.

Wat betreft de technologische infrastructuur hebben wij een solide fundament gelegd waarop toekomstige innovaties kunnen worden gebouwd. De architectuur is zodanig ontworpen dat deze schaalbaar en toekomstbestendig is, waardoor wij flexibel kunnen inspelen op veranderende marktomstandigheden.

Ik nodig u van harte uit om deze bevindingen tijdens ons aanstaande overleg nader te bespreken, zodat wij gezamenlijk de meest optimale strategie kunnen formuleren.

Hoogachtend,
Lisa
CyberLink",4,4,C2,Dutch
273,Napisz e-mail zgłaszający błąd oprogramowania do zespołu programistów.,"Witam kolegów, was Chcę poinformować o spotkanie. To jest ważne, żeby wszyscy Jeśli wiedzieli. macie pytania, dajcie mi znać. Dziękuję, Marek",2,2,A2,Polish
18,Escreva um email de anúncio de RH sobre o dia desportivo anual da empresa.,"Caro Miguel Pereira, Tenho um ajuda com com o Pode ajudar? Obrigado. Atenciosamente",1,0,A1,Portuguese
899,Escreva um email de seguimento após uma entrevista de emprego anterior.,"Estimado Inês Almeida,

Tenho o prazer de lhe apresentar uma avaliação exaustiva de a reunião, na qual não me circunscrevo apenas à contextualização dos resultados alcançados, mas ilumino igualmente as implicações estratégicas que poderão revelar-se determinantes para a nossa orientação futura.

Os resultados do período transato constituem testemunho de um progresso notável em múltiplas frentes. A eficiência operacional registou um incremento de 23%, o que se deve não apenas à otimização dos processos de trabalho, mas também à postura proativa da nossa equipa na identificação e eliminação de ineficiências.

Seria para mim uma honra poder aprofundar estas conclusões durante o nosso próximo encontro.

Com os mais elevados cumprimentos,
Inês
DigiWave",4,4,C2,Portuguese
739,Napisz e-mail proponujący nowy pomysł na kampanię marketingową.,"Szanowny Panie Tomasz Kamiński,

W świetle ostatnich wydarzeń dotyczących problem jakościowy, uważam za konieczne przedstawienie Panu obszernej analizy obecnej sytuacji oraz możliwych działań, jakie nasza organizacja może podjąć.

Z analizy danych wynika, że wyniki ostatniego kwartału przekroczyły oczekiwania, odnotowując wzrost produktywności o 15% w porównaniu z analogicznym okresem ubiegłego roku. Jest to w dużej mierze zasługą pomyślnego wdrożenia nowego systemu oraz zaangażowania całego zespołu.

Niemniej jednak istnieją pewne kwestie wymagające dalszej analizy, w tym skalowalność obecnej infrastruktury.

Z wyrazami szacunku,
Tomasz
TechNova",4,4,C1,Polish
650,Γράψτε ένα email ανακοινώνοντας νέα εταιρική πολιτική για τηλεργασία.,"Αξιότιμε Ελένη Κωνσταντίνου,

Λαμβάνοντας υπόψη τις πρόσφατες εξελίξεις σχετικά με τη συνάντηση, κρίνω απαραίτητο να σας παρουσιάσω μια εκτενή ανάλυση της τρέχουσας κατάστασης και των πιθανών ενεργειών που μπορούμε να αναλάβουμε ως οργανισμός.

Από την ανάλυση των δεδομένων προκύπτει ότι τα αποτελέσματα του προηγούμενου τριμήνου ξεπέρασαν τις προσδοκίες, με αύξηση 15% στην παραγωγικότητα σε σύγκριση με την αντίστοιχη περίοδο του προηγούμενου έτους.

Ωστόσο, υπάρχουν ορισμένα σημεία που χρήζουν περαιτέρω εξέτασης. Πρώτον, η επεκτασιμότητα της τρέχουσας υποδομής ενδέχεται να αποτελέσει σημείο συμφόρησης.

Με εκτίμηση,
Ελένη
DataSphere",4,3,C1,Greek
226,Schrijf een welkomst-e-mail voor een nieuwe medewerker die bij uw team komt.,"Tom Beste de Groot, schrijf Ik u omdat ik nodig hulp heb met het personeelsbeleid. Het is een belangrijk probleem en ik hoop dat u mij kan helpen. Ik wacht op uw antwoord. Met vriendelijke groet, Tom",0,2,A2,Dutch
79,Γράψτε ένα email σε πελάτη ως απάντηση στο παράπονό του για καθυστερημένη παράδοση.,"Αγαπητέ Αθηνά Σταθοπούλου, Έχω Θέλω Θέλω βοήθεια με την εξυπηρέτηση πελατών. βοηθήσετε; Ευχαριστώ",2,0,A1,Greek
140,Γράψτε ένα email στο τμήμα προμηθειών ζητώντας νέες οθόνες γραφείου.,"Γεια σας, εδώ. Θέλω το έργο. Δεν ξέρω τι τι να κάνω. Γιώργος",1,1,A1,Greek
750,Γράψτε ένα email ευχαριστώντας έναν πελάτη για τη συνεχή συνεργασία.,"Αξιότιμε Νίκος Δημητρίου,

Λαμβάνοντας υπόψη τις πρόσφατες εξελίξεις σχετικά με την κυκλοφορία προϊόντος, κρίνω απαραίτητο να σας παρουσιάσω μια εκτενή ανάλυση της τρέχουσας κατάστασης και των πιθανών ενεργειών που μπορούμε να αναλάβουμε ως οργανισμός.

Από την ανάλυση των δεδομένων προκύπτει ότι τα αποτελέσματα του προηγούμενου τριμήνου ξεπέρασαν τις προσδοκίες, με αύξηση 15% στην παραγωγικότητα σε σύγκριση με την αντίστοιχη περίοδο του προηγούμενου έτους.

Ωστόσο, υπάρχουν ορισμένα σημεία που χρήζουν περαιτέρω εξέτασης. Πρώτον, η επεκτασιμότητα της τρέχουσας υποδομής ενδέχεται να αποτελέσει σημείο συμφόρησης.

Με εκτίμηση,
Νίκος
NetPro",5,4,C1,Greek
409,Γράψτε ένα email ζητώντας επιστροφή χρημάτων για ελαττωματικό προϊόν.,"Αγαπητέ Μαρία Αντωνίου, Σας γράφω σχετικά με το έργο. Μετά την εξέταση της κατάστασης, πιστεύω ότι πρρέπει να αναλάβουμε δράση. Θα ήταν καλό αν μπορούσαμε να το συζητήσουμε την επόμενη εβδομάδα. Μπορείτε να μου πείτε πότε είστε διαθέσιμος για μια σύντομη συνάντηση; Προτείνω Τρίτη ή Τετάρτη, αλλά είμαι ευέλικτος. Με εκτίμηηση, Μαρία DataSphere",2,3,B1,Greek
465,Schrijf een HR-aankondigingsmail over de jaarlijkse sportdag van het bedrijf.,"Beste Anna van der Berg, Naar aanleiding van ons recente gesprek over de vergadering, wil ik u graag een gedetailleerde update geven over de huidige stand van zaken. We hebben aanzienlijke vooruitgang geboekt op het gebied van de implementatie. Het team heeft de eerste fase succesvol afgerond en we zijn nu bezig met de tweede fase. Er zijn enkele kleinere problemen opgetreden, maar die zijn inmiddels opgelost. Ik stel voor dat we volgende week een vergadering plannen om de resultaten te bespreken en de volgende stappen vast te stellen. Daarnaast zou ik graag uw mening willen horen over de voorgestelde aanpak voor het derde kwartaal. Met vriendelijke groet, Anna NetPro",3,4,B2,Dutch
413,Napisz e-mail do kierownika z prośbą o urlop na następny tydzień.,"Szanowny Krzysztof Woźniak, Piszę do Pana w sprawie wprowadzenie produktu. Po przeanalizowaniu sytuacji uważam, że powinniśmy podjąć działania. Byłoby dobrrze, gdybyśmy mogli to omówić w przyszłym tygodniu. Czy może Pan poinformować mnie, kiedy jest dostępny na krótkie spotkanie? Proponuję wtorek lub środę, ale jeestem elastyczny. Z poważaniem, Krzysztof NetPro",2,2,B1,Polish
660,Escreva um email dando feedback sobre uma sessão de formação recente.,"Estimado Ana Ferreira,

À luz dos recentes desenvolvimentos relativos a a formação, considero necessário apresentar-lhe uma análise abrangente da situação atual e das possíveis ações que a nossa organização pode empreender.

Da análise dos dados resulta que os resultados do último trimestre superaram as expectativas, registando um aumento de 15% na produtividade em comparação com o mesmo período do ano anterior. Isto deve-se em grande parte à implementação bem-sucedida do novo sistema e à dedicação de toda a equipa.

Contudo, existem alguns aspetos que merecem uma análise mais aprofundada, incluindo a escalabilidade da infraestrutura atual.

Com os melhores cumprimentos,
Ana
InfoBridge",4,3,C1,Portuguese
880,Napisz e-mail do kierownika o zmianie harmonogramu projektu.,"Szanowny Panie Krzysztof Woźniak,

Z przyjemnością przedstawiam Panu kompleksową ocenę problemy techniczne, w której nie ograniczam się jedynie do kontekstualizacji osiągniętych wyników, lecz jednocześnie rzucam światło na implikacje strategiczne, które mogą okazać się decydujące dla naszego przyszłego kierunku rozwoju.

Wyniki minionego okresu stanowią świadectwo godnego uwagi postępu na wielu frontach. Efektywność operacyjna wzrosła o 23%, co jest wynikiem nie tylko optymalizacji procesów roboczych, ale również proaktywnej postawy naszego zespołu w identyfikowaniu i eliminowaniu nieefektywności.

Byłoby mi niezmiernie miło móc omówić te ustalenia podczas naszego najbliższego spotkania.

Z wyrazami najwyższego szacunku,
Krzysztof
TechNova",5,3,C2,Polish
274,Escreva um email anunciando uma nova política da empresa sobre trabalho remoto.,"colegas, Olá Quero informar-vos sobre a formação. É importante que todos saibam. Se tiverem perguntas, digam-me. Obrigado, Inês",3,2,A2,Portuguese
64,Schrijf een e-mail aan uw manager met het verzoek om verlof voor volgende week.,"Hallo Hallo de Vries, Ik Jan. Ik wil de klantenservice. Dat is goed. u.",1,0,A1,Dutch
859,Scrivi un'email di annuncio HR sulla giornata sportiva annuale dell'azienda.,"Egregio Chiara Conti,

Ho il piacere di presentarle una valutazione esaustiva di il fornitore, nella quale non mi limito a contestualizzare i risultati raggiunti, ma illumino altresì le implicazioni strategiche che potrebbero rivelarsi determinanti per il nostro futuro orientamento.

I risultati del periodo trascorso testimoniano un progresso notevole su molteplici fronti. L'efficienza operativa è aumentata del 23%, il che è riconducibile non soltanto all'ottimizzazione dei processi lavorativi, ma anche all'atteggiamento proattivo del nostro team nell'identificare ed eliminare le inefficienze.

Sarebbe per me un onore poter approfondire questi risultati nel corso del nostro prossimo incontro.

Distinti saluti,
Chiara
NetPro",5,3,C2,Italian
91,Γράψτε ένα email στην ομάδα σας ζητώντας μια συνάντηση την επόμενη Τρίτη για να συζητήσετε την πρόοδο του έργου.,"Γεια Γεια σας, Είμαι νέος Θέλω τα προβλήματα. Δεν ξέρω τι κάνω. Νίκος",1,1,A1,Greek
52,Scrivi un'email con un aggiornamento sullo stato del progetto per la revisione trimestrale.,Sono nuovo qui. qui.,1,0,A1,Italian
311,Schrijf een welkomst-e-mail voor een nieuwe medewerker die bij uw team komt.,"Beste Maria Timmers, Ik schrijf u met betrekking tot het project. Na het bekijken van de situatie, denk ik dat we actie moeten ondernemen. Het zou goed zijn als we dit volgende week kunnen bespreken. Kunt u mij laten weten wanneer u beschikbaar bent voor een kort overleg? Ik stel voor dinsdag of woensdag, maar ik ben flexibel. Met vriendelijke groet, Maria TechNova",3,3,B1,Dutch
570,Γράψτε ένα email ανακοίνωσης HR για την ετήσια αθλητική ημέρα της εταιρείας.,"Αγαπητέ Αθηνά Σταθοπούλου, Σε συνέχεια της πρόσφατης συζήτησής μας σχετικά με την εκστρατεία μάρκετινγκ, θα ήθελα να σας ενημερώσω λεπτομερώς για την τρέχουσα κατάσταση. Έχουμε σημειώσει σημαντική πρόοδο στον τομέα της υλοποίησης. Η ομάδα ολοκλήρωσε επιτυχώς το πρώτο στάδιο και βρισκόμαστε τώρα στο δεύτερο. Αντιμετωπίσαμε ορισμένα μικρά προβλήματα, τα οποία έχουν πλέον επιλυθεί. Προτείνω να προγραμματίσουμε μια συνάντηση την επόμενη εβδομάδα για να συζητήσουμε τα αποτελέσματα. Με εκτίμηση, Αθηνά InfoBridge",3,2,B2,Greek
584,Napisz e-mail ogłaszający nową politykę firmy dotyczącą pracy zdalnej.,"Szanowny Piotr Wiśniewski, W nawiązaniu do naszej ostatniej rozmowy na temat problem jakościowy, chciałbym przedstawić Panu szczegółową aktualizację obecnego stanu rzeczy. Poczyniliśmy znaczące postępy w zakresie wdrożenia. Zespół pomyślnie zakończył pierwszy etap i obecnie jesteśmy w trakcie realizacji drugiego. Wystąpiło kilka drobnych problemów, które zostały już rozwiązane. Proponuję, abyśmy zaplanowali spotkanie w przyszłym tygodniu w celu omówienia wyników i ustalenia kolejnych kroków. Z poważaniem, Piotr DataSphere",3,3,B2,Polish
83,Napisz e-mail do kierownika z prośbą o urlop na następny tydzień.,"Witam Wiśniewski, Jestem Piotr. Chcę Chcę politykę Dziękuję. Pozdrawiam",0,2,A1,Polish
893,Scrivi un'email a un cliente in risposta al suo reclamo per una consegna in ritardo.,"Egregio Marco Rossi,

Ho il piacere di presentarle una valutazione esaustiva di l'ufficio, nella quale non mi limito a contestualizzare i risultati raggiunti, ma illumino altresì le implicazioni strategiche che potrebbero rivelarsi determinanti per il nostro futuro orientamento.

I risultati del periodo trascorso testimoniano un progresso notevole su molteplici fronti. L'efficienza operativa è aumentata del 23%, il che è riconducibile non soltanto all'ottimizzazione dei processi lavorativi, ma anche all'atteggiamento proattivo del nostro team nell'identificare ed eliminare le inefficienze.

Sarebbe per me un onore poter approfondire questi risultati nel corso del nostro prossimo incontro.

Distinti saluti,
Marco
CyberLink",5,4,C2,Italian
242,Napisz e-mail przypominający klientowi o zbliżającym się terminie płatności faktury.,"Drogi Krzysztof Woźniak, Piszę do ponieważ Pana, potrzebuję pomocy z fakturę. To jest ważny problem i mam nadzieję, że może mi pomóc. Pan Czekam na odpowiedź. Z poważaniem, Krzysztof",1,1,A2,Polish
628,Napisz e-mail proponujący nowy pomysł na kampanię marketingową.,"Szanowny Panie Jan Kowalski,

W świetle ostatnich wydarzeń dotyczących budżet, uważam za konieczne przedstawienie Panu obszernej analizy obecnej sytuacji oraz możliwych działań, jakie nasza organizacja może podjąć.

Z analizy danych wynika, że wyniki ostatniego kwartału przekroczyły oczekiwania, odnotowując wzrost produktywności o 15% w porównaniu z analogicznym okresem ubiegłego roku. Jest to w dużej mierze zasługą pomyślnego wdrożenia nowego systemu oraz zaangażowania całego zespołu.

Niemniej jednak istnieją pewne kwestie wymagające dalszej analizy, w tym skalowalność obecnej infrastruktury.

Z wyrazami szacunku,
Jan
FlexiTech",4,4,C1,Polish
676,Escreva um email ao departamento de compras solicitando novos monitores de escritório.,"Estimado Carlos Oliveira,

À luz dos recentes desenvolvimentos relativos a a campanha de marketing, considero necessário apresentar-lhe uma análise abrangente da situação atual e das possíveis ações que a nossa organização pode empreender.

Da análise dos dados resulta que os resultados do último trimestre superaram as expectativas, registando um aumento de 15% na produtividade em comparação com o mesmo período do ano anterior. Isto deve-se em grande parte à implementação bem-sucedida do novo sistema e à dedicação de toda a equipa.

Contudo, existem alguns aspetos que merecem uma análise mais aprofundada, incluindo a escalabilidade da infraestrutura atual.

Com os melhores cumprimentos,
Carlos
InfoBridge",4,4,C1,Portuguese
366,Escreva um email com uma atualização do estado do projeto para a revisão trimestral.,"Caro Sofia Rodrigues, Estou a escrever-lhe a respeito de a foormação. Após analisar a situação, acredito que devemos tomar medidas. Seria bom se pudéssemos discutir issto na próxima semana. Pode informar-me quando está disponível para uma breve reunião? Sugiro terça ou quarta-feira, mas sou flexível. Com os melhores cumprimentos, Sofia CyberLink",3,2,B1,Portuguese
125,Scrivi un'email fornendo feedback su una recente sessione di formazione.,Gentile Marco Marco Ho un problema. Voglio aiuto con la Puoi aiutare? Cordiali saluti,1,0,A1,Italian
544,Escreva um email solicitando um reembolso por um produto com defeito.,"Caro Maria Santos, Na sequência da nossa recente conversa sobre o atraso, gostaria de lhe fornecer uma atualização detalhada sobre a situação atual. Fizemos progressos significativos na área da implementação. A equipa concluiu com sucesso a primeira fase e estamos agora a trabalhar na segunda. Surgiram alguns problemas menores, que já foram resolvidos. Proponho que agendemos uma reunião para a próxima semana para discutir os resultados e definir os próximos passos. Com os melhores cumprimentos, Maria OptiSoft",5,3,B2,Portuguese
281,Γράψτε ένα email παρακολούθησης μετά από προηγούμενη συνέντευξη εργασίας.,"Αγαπητέ Αθηνά Σταθοπούλου, Σας γιατί γράφω χρειάζομαι βοήθεια με την πολιτική προσωπικού. Είναι σημαντικό πρόβλημα και ελπίζω να μπορείτε να με βοηθήσετε. την Περιμένω απάντησή σας. Με εκτίμηση, Αθηνά",2,1,A2,Greek
887,Γράψτε ένα email σε πελάτη ως απάντηση στο παράπονό του για καθυστερημένη παράδοση.,"Αξιότιμε Πέτρος Ιωάννου,

Με ιδιαίτερη ικανοποίηση σας παρουσιάζω μια εμπεριστατωμένη αξιολόγηση του τον προϋπολογισμό, στην οποία δεν περιορίζομαι μόνο στην ανάδειξη των επιτευγμάτων μας, αλλά φωτίζω ταυτόχρονα τις στρατηγικές προεκτάσεις που δύνανται να καθορίσουν την μελλοντική μας πορεία.

Τα αποτελέσματα της παρελθούσας περιόδου αποτελούν τεκμήριο αξιοσημείωτης προόδου σε πολλαπλά μέτωπα. Η λειτουργική αποδοτικότητα αυξήθηκε κατά 23%, γεγονός που οφείλεται τόσο στη βελτιστοποίηση των εργασιακών διαδικασιών όσο και στην προδραστική στάση της ομάδας μας.

Θα ήταν τιμή μου να συζητήσουμε αυτά τα ευρήματα κατά τη διάρκεια της επερχόμενης συνάντησής μας.

Με τιμή,
Πέτρος
NetPro",5,4,C2,Greek
424,Napisz e-mail powitalny dla nowego pracownika dołączającego do zespołu.,"Szanowny Krzysztof Woźniak, Piszę do Pana w sprawie wprowadzenie produktu. Po przeanalizowaniu sytuacji uważam, że powinniśmy podjąć działania. Byłoby dobrze, gdybyśmy mogli to omówić w przyszłym tygodniu. Czy może Pan poinformować mnie, kiedy jest dostępny na krótkie spotkanie? Proponuję wtoorek lub środę, ale jesstem elastyczny. Z poważaniem, Krzysztof TechNova",3,2,B1,Polish
740,Escreva um email propondo uma nova ideia para uma campanha de marketing.,"Estimado Sofia Rodrigues,

À luz dos recentes desenvolvimentos relativos a o atraso, considero necessário apresentar-lhe uma análise abrangente da situação atual e das possíveis ações que a nossa organização pode empreender.

Da análise dos dados resulta que os resultados do último trimestre superaram as expectativas, registando um aumento de 15% na produtividade em comparação com o mesmo período do ano anterior. Isto deve-se em grande parte à implementação bem-sucedida do novo sistema e à dedicação de toda a equipa.

Contudo, existem alguns aspetos que merecem uma análise mais aprofundada, incluindo a escalabilidade da infraestrutura atual.

Com os melhores cumprimentos,
Sofia
FlexiTech",4,4,C1,Portuguese
877,Scrivi un'email a un fornitore richiedendo un preventivo per materiali all'ingrosso.,"Egregio Andrea Colombo,

Ho il piacere di presentarle una valutazione esaustiva di il lancio del prodotto, nella quale non mi limito a contestualizzare i risultati raggiunti, ma illumino altresì le implicazioni strategiche che potrebbero rivelarsi determinanti per il nostro futuro orientamento.

I risultati del periodo trascorso testimoniano un progresso notevole su molteplici fronti. L'efficienza operativa è aumentata del 23%, il che è riconducibile non soltanto all'ottimizzazione dei processi lavorativi, ma anche all'atteggiamento proattivo del nostro team nell'identificare ed eliminare le inefficienze.

Sarebbe per me un onore poter approfondire questi risultati nel corso del nostro prossimo incontro.

Distinti saluti,
Andrea
CloudMax",5,3,C2,Italian
238,Escreva um email ao departamento de compras solicitando novos monitores de escritório.,"Olá colegas, Quero informar-vos o sobre atraso. É importante que todos saibam. Se tiverem perguntas, digam-me. Obrigado, Ana",3,1,A2,Portuguese
820,Napisz e-mail z podziękowaniami dla klienta za ciągłą współpracę.,"Szanowny Panie Magdalena Dąbrowska,

Z przyjemnością przedstawiam Panu kompleksową ocenę problemy techniczne, w której nie ograniczam się jedynie do kontekstualizacji osiągniętych wyników, lecz jednocześnie rzucam światło na implikacje strategiczne, które mogą okazać się decydujące dla naszego przyszłego kierunku rozwoju.

Wyniki minionego okresu stanowią świadectwo godnego uwagi postępu na wielu frontach. Efektywność operacyjna wzrosła o 23%, co jest wynikiem nie tylko optymalizacji procesów roboczych, ale również proaktywnej postawy naszego zespołu w identyfikowaniu i eliminowaniu nieefektywności.

Byłoby mi niezmiernie miło móc omówić te ustalenia podczas naszego najbliższego spotkania.

Z wyrazami najwyższego szacunku,
Magdalena
SmartCore",5,4,C2,Polish
168,Schrijf een e-mail naar een leverancier met een verzoek om een offerte voor bulkmateriaal.,"Beste Eva Meijer, Bedankt uw voor e-mail. Ik begrijp het met probleem het budget. Ik ga proberen om een te oplossing vinden. Ik neem snel contact op. Met vriendelijke groet, Eva",3,1,A2,Dutch
894,Escreva um email de boas-vindas para um novo funcionário que se junta à sua equipa.,"Estimado Ana Ferreira,

Tenho o prazer de lhe apresentar uma avaliação exaustiva de a reunião, na qual não me circunscrevo apenas à contextualização dos resultados alcançados, mas ilumino igualmente as implicações estratégicas que poderão revelar-se determinantes para a nossa orientação futura.

Os resultados do período transato constituem testemunho de um progresso notável em múltiplas frentes. A eficiência operacional registou um incremento de 23%, o que se deve não apenas à otimização dos processos de trabalho, mas também à postura proativa da nossa equipa na identificação e eliminação de ineficiências.

Seria para mim uma honra poder aprofundar estas conclusões durante o nosso próximo encontro.

Com os mais elevados cumprimentos,
Ana
DataSphere",4,3,C2,Portuguese
500,Napisz e-mail z podziękowaniami dla klienta za ciągłą współpracę.,"Szanowny Jan Kowalski, W nawiązaniu do naszej ostatniej rozmowy na temat budżet, chciałbym przedstawić Panu szczegółową aktualizację obecnego stanu rzeczy. Poczyniliśmy znaczące postępy w zakresie wdrożenia. Zespół pomyślnie zakończył pierwszy etap i obecnie jesteśmy w trakcie realizacji drugiego. Wystąpiło kilka drobnych problemów, które zostały już rozwiązane. Proponuję, abyśmy zaplanowali spotkanie w przyszłym tygodniu w celu omówienia wyników i ustalenia kolejnych kroków. Z poważaniem, Jan SmartCore",4,4,B2,Polish
524,Escreva um email lembrando um cliente sobre um prazo de fatura próximo.,"Caro Miguel Pereira, Na sequência da nossa recente conversa sobre os problemas técnicos, gostaria de lhe fornecer uma atualização detalhada sobre a situação atual. Fizemos progressos significativos na área da implementação. A equipa concluiu com sucesso a primeira fase e estamos agora a trabalhar na segunda. Surgiram alguns problemas menores, que já foram resolvidos. Proponho que agendemos uma reunião para a próxima semana para discutir os resultados e definir os próximos passos. Com os melhores cumprimentos, Miguel FlexiTech",4,3,B2,Portuguese
129,Schrijf een e-mail om een klant te bedanken voor hun voortdurende samenwerking.,"Beste team, team, schrijf over kwaliteitsprobleem. Het is belangerijk. Kunt u helpen? Groetjes",1,1,A1,Dutch
6,Scrivi un'email richiedendo un rimborso per un prodotto difettoso.,"Ciao, Sono nuovo nuovo Voglio la fattura. Non cosa fare. Andrea",0,0,A1,Italian
20,Γράψτε ένα email στην υποστήριξη IT σχετικά με πρόβλημα εγκατάστασης λογισμικού.,"Μαρία Αντωνίου, Είμαι Μαρία. Θέλω την εκστρατεία μάρκετινγκ. Ευχαριστώ. Ευχαριστώ. Χαιρετισμούς",1,0,A1,Greek
533,Γράψτε ένα email ανακοινώνοντας νέα εταιρική πολιτική για τηλεργασία.,"Αγαπητέ Κώστας Νικολάου, Σε συνέχεια της πρόσφατης συζήτησής μας σχετικά με την κυκλοφορία προϊόντος, θα ήθελα να σας ενημερώσω λεπτομερώς για την τρέχουσα κατάσταση. Έχουμε σημειώσει σημαντική πρόοδο στον τομέα της υλοποίησης. Η ομάδα ολοκλήρωσε επιτυχώς το πρώτο στάδιο και βρισκόμαστε τώρα στο δεύτερο. Αντιμετωπίσαμε ορισμένα μικρά προβλήματα, τα οποία έχουν πλέον επιλυθεί. Προτείνω να προγραμματίσουμε μια συνάντηση την επόμενη εβδομάδα για να συζητήσουμε τα αποτελέσματα. Με εκτίμηση, Κώστας InfoBridge",2,3,B2,Greek
100,Escreva um email anunciando uma nova política da empresa sobre trabalho remoto.,Caro Ana Tenho um problema. ajuda com a campanha de marketing. ajudar? Obrigado. Obrigado. Atenciosamente,2,0,A1,Portuguese
646,Schrijf een e-mail aan uw manager over een wijziging in de projectplanning.,"Geachte Kees Bakker,

Naar aanleiding van de recente ontwikkelingen rondom de factuur, acht ik het noodzakelijk om u een uitgebreide analyse te presenteren van de huidige situatie en de mogelijke stappen die wij als organisatie kunnen ondernemen.

Uit de data-analyse blijkt dat de resultaten van het afgelopen kwartaal de verwachtingen hebben overtroffen, met een stijging van 15% in productiviteit ten opzichte van dezelfde periode vorig jaar. Dit is grotendeels te danken aan de succesvolle implementatie van het nieuwe systeem en de toewijding van het gehele team.

Desalniettemin zijn er enkele aandachtspunten die nadere beschouwing verdienen. Ten eerste, de schaalbaarheid van de huidige infrastructuur kan een knelpunt vormen bij verdere groei. Ten tweede, de integratie met externe systemen verloopt trager dan oorspronkelijk gepland.

Ik zou willen voorstellen dat wij een strategische sessie organiseren om deze punten te bespreken en een concreet actieplan op te stellen.

Met vriendelijke groet,
Kees
SmartCore",4,4,C1,Dutch
744,Escreva um email de seguimento após uma entrevista de emprego anterior.,"Estimado Beatriz Sousa,

À luz dos recentes desenvolvimentos relativos a a reunião, considero necessário apresentar-lhe uma análise abrangente da situação atual e das possíveis ações que a nossa organização pode empreender.

Da análise dos dados resulta que os resultados do último trimestre superaram as expectativas, registando um aumento de 15% na produtividade em comparação com o mesmo período do ano anterior. Isto deve-se em grande parte à implementação bem-sucedida do novo sistema e à dedicação de toda a equipa.

Contudo, existem alguns aspetos que merecem uma análise mais aprofundada, incluindo a escalabilidade da infraestrutura atual.

Com os melhores cumprimentos,
Beatriz
OptiSoft",4,4,C1,Portuguese
699,Schrijf een e-mail aan uw manager met het verzoek om verlof voor volgende week.,"Geachte Pieter Jansen,

Naar aanleiding van de recente ontwikkelingen rondom de vergadering, acht ik het noodzakelijk om u een uitgebreide analyse te presenteren van de huidige situatie en de mogelijke stappen die wij als organisatie kunnen ondernemen.

Uit de data-analyse blijkt dat de resultaten van het afgelopen kwartaal de verwachtingen hebben overtroffen, met een stijging van 15% in productiviteit ten opzichte van dezelfde periode vorig jaar. Dit is grotendeels te danken aan de succesvolle implementatie van het nieuwe systeem en de toewijding van het gehele team.

Desalniettemin zijn er enkele aandachtspunten die nadere beschouwing verdienen. Ten eerste, de schaalbaarheid van de huidige infrastructuur kan een knelpunt vormen bij verdere groei. Ten tweede, de integratie met externe systemen verloopt trager dan oorspronkelijk gepland.

Ik zou willen voorstellen dat wij een strategische sessie organiseren om deze punten te bespreken en een concreet actieplan op te stellen.

Met vriendelijke groet,
Pieter
SmartCore",5,4,C1,Dutch
896,Schrijf een e-mail naar een leverancier met een verzoek om een offerte voor bulkmateriaal.,"Geachte Jan de Vries,

Met genoegen presenteer ik u hierbij een uitvoerige evaluatie van het kantoor, waarbij ik niet alleen de bereikte resultaten in perspectief plaats, maar tevens de strategische implicaties belicht die van doorslaggevend belang kunnen zijn voor onze toekomstige koers.

De resultaten van de afgelopen periode getuigen van een opmerkelijke vooruitgang op meerdere fronten. De operationele efficiëntie is met 23% toegenomen, hetgeen niet alleen te danken is aan de geoptimaliseerde werkprocessen, maar ook aan de proactieve houding van ons team bij het identificeren en elimineren van inefficiënties.

Wat betreft de technologische infrastructuur hebben wij een solide fundament gelegd waarop toekomstige innovaties kunnen worden gebouwd. De architectuur is zodanig ontworpen dat deze schaalbaar en toekomstbestendig is, waardoor wij flexibel kunnen inspelen op veranderende marktomstandigheden.

Ik nodig u van harte uit om deze bevindingen tijdens ons aanstaande overleg nader te bespreken, zodat wij gezamenlijk de meest optimale strategie kunnen formuleren.

Hoogachtend,
Jan
TechNova",5,4,C2,Dutch
399,Escreva um email anunciando uma nova política da empresa sobre trabalho remoto.,"Caro Ana Ferreira, Estou a escrever-lhe a respeito de a campanha de marketing. Após analisar a situação, acredito que devemos tomar medidas. Seria bom se pudéssemos discutir isto na próxima semana. Pode informar-me quando esstá disponível para uma breve reunião? Sugiro terça ou quarta-feira, mas sou flexível. Com os melhores cumprimentos, Ana SmartCore",4,1,B1,Portuguese
574,Napisz e-mail z podziękowaniami dla klienta za ciągłą współpracę.,"Szanowny Tomasz Kamiński, W nawiązaniu do naszej ostatniej rozmowy na temat projekt, chciałbym przedstawić Panu szczegółową aktualizację obecnego stanu rzeczy. Poczyniliśmy znaczące postępy w zakresie wdrożenia. Zespół pomyślnie zakończył pierwszy etap i obecnie jesteśmy w trakcie realizacji drugiego. Wystąpiło kilka drobnych problemów, które zostały już rozwiązane. Proponuję, abyśmy zaplanowali spotkanie w przyszłym tygodniu w celu omówienia wyników i ustalenia kolejnych kroków. Z poważaniem, Tomasz DataSphere",4,3,B2,Polish
346,Napisz e-mail do zespołu z prośbą o spotkanie w przyszły wtorek w celu omówienia postępów projektu.,"Szanowny Krzysztof Woźniak, Piszę do Pana w sprawie politykę kadrową. Po przeanalizowaniu sytuacji uważam, że powinniśmy podjąć działania. Byłoby dobrze, gdybyśmy mogli to omówić w przyszłym tygodniu. Czy może Pan poinformować mnie, kiiedy jest dostępny na krótkie spotkanie? Proponuję wtorek lub środę, ale jestem elastyczny. Z poważaniem, Krzysztof SmartCore",2,3,B1,Polish
356,Scrivi un'email di follow-up dopo un precedente colloquio di lavoro.,"Gentile Andrea Colombo, Le scrivo in merito a i problemi tecnici. Dopo aver esaminato la situazione, ritengo che dobbiamo prendere provvedimenti. Sarebbe opportuno se potesssimo diiscuterne la prossima settimana. Può farmi sapere quando è disponibile per un breve incontro? Propongo martedì o mercoledì, ma sono flessibile. Cordiali saluti, Andrea NetPro",3,3,B1,Italian
328,Scrivi un'email di follow-up dopo un precedente colloquio di lavoro.,"Gentile Marco Rossi, Le scrivo in merito a la riunione. Doppo aver esaminato la situazione, ritengo che dobbiamo prendere provvedimenti. Sarebbe opportuno se potessimo discuterne la prosssima settimana. Può farmi sapere quando è disponibile per un breve incontro? Propongo martedì o mercoledì, ma sono flessibile. Cordiali saluti, Marco DigiWave",2,2,B1,Italian
678,Γράψτε ένα email στον διευθυντή σας ζητώντας άδεια για την επόμενη εβδομάδα.,"Αξιότιμε Νίκος Δημητρίου,

Λαμβάνοντας υπόψη τις πρόσφατες εξελίξεις σχετικά με την πολιτική προσωπικού, κρίνω απαραίτητο να σας παρουσιάσω μια εκτενή ανάλυση της τρέχουσας κατάστασης και των πιθανών ενεργειών που μπορούμε να αναλάβουμε ως οργανισμός.

Από την ανάλυση των δεδομένων προκύπτει ότι τα αποτελέσματα του προηγούμενου τριμήνου ξεπέρασαν τις προσδοκίες, με αύξηση 15% στην παραγωγικότητα σε σύγκριση με την αντίστοιχη περίοδο του προηγούμενου έτους.

Ωστόσο, υπάρχουν ορισμένα σημεία που χρήζουν περαιτέρω εξέτασης. Πρώτον, η επεκτασιμότητα της τρέχουσας υποδομής ενδέχεται να αποτελέσει σημείο συμφόρησης.

Με εκτίμηση,
Νίκος
InfoBridge",4,4,C1,Greek
14,Schrijf een e-mail met een voorstel voor een nieuw marketingcampagne-idee.,"Hallo Bram Mulder, Ik wil de software. Dat is goed. goed. Dank u. Groeten",0,1,A1,Dutch
747,Escreva um email ao suporte de TI sobre um problema de instalação de software.,"Estimado Inês Almeida,

À luz dos recentes desenvolvimentos relativos a os problemas técnicos, considero necessário apresentar-lhe uma análise abrangente da situação atual e das possíveis ações que a nossa organização pode empreender.

Da análise dos dados resulta que os resultados do último trimestre superaram as expectativas, registando um aumento de 15% na produtividade em comparação com o mesmo período do ano anterior. Isto deve-se em grande parte à implementação bem-sucedida do novo sistema e à dedicação de toda a equipa.

Contudo, existem alguns aspetos que merecem uma análise mais aprofundada, incluindo a escalabilidade da infraestrutura atual.

Com os melhores cumprimentos,
Inês
NetPro",5,4,C1,Portuguese
457,Napisz e-mail do dostawcy z prośbą o wycenę materiałów hurtowych.,"Szanowny Agnieszka Szymańska, W nawiązaniu do naszej ostatniej rozmowy na temat fakturę, chciałbym przedstawić Panu szczegółową aktualizację obecnego stanu rzeczy. Poczyniliśmy znaczące postępy w zakresie wdrożenia. Zespół pomyślnie zakończył pierwszy etap i obecnie jesteśmy w trakcie realizacji drugiego. Wystąpiło kilka drobnych problemów, które zostały już rozwiązane. Proponuję, abyśmy zaplanowali spotkanie w przyszłym tygodniu w celu omówienia wyników i ustalenia kolejnych kroków. Z poważaniem, Agnieszka SmartCore",4,2,B2,Polish
260,Escreva um email propondo uma nova ideia para uma campanha de marketing.,"Olá colegas, Quero informar-vos sobre o lançamento do produto. É que importante todos saibam. Se tiverem digam-me. perguntas, Obrigado, Maria",2,1,A2,Portuguese
688,Schrijf een e-mail om collega's uit te nodigen voor een netwerkevenement.,"Geachte Tom de Groot,

Naar aanleiding van de recente ontwikkelingen rondom het kantoor, acht ik het noodzakelijk om u een uitgebreide analyse te presenteren van de huidige situatie en de mogelijke stappen die wij als organisatie kunnen ondernemen.

Uit de data-analyse blijkt dat de resultaten van het afgelopen kwartaal de verwachtingen hebben overtroffen, met een stijging van 15% in productiviteit ten opzichte van dezelfde periode vorig jaar. Dit is grotendeels te danken aan de succesvolle implementatie van het nieuwe systeem en de toewijding van het gehele team.

Desalniettemin zijn er enkele aandachtspunten die nadere beschouwing verdienen. Ten eerste, de schaalbaarheid van de huidige infrastructuur kan een knelpunt vormen bij verdere groei. Ten tweede, de integratie met externe systemen verloopt trager dan oorspronkelijk gepland.

Ik zou willen voorstellen dat wij een strategische sessie organiseren om deze punten te bespreken en een concreet actieplan op te stellen.

Met vriendelijke groet,
Tom
SmartCore",5,4,C1,Dutch
834,Napisz e-mail do klienta w odpowiedzi na skargę dotyczącą opóźnionej dostawy.,"Szanowny Panie Jan Kowalski,

Z przyjemnością przedstawiam Panu kompleksową ocenę nowe oprogramowanie, w której nie ograniczam się jedynie do kontekstualizacji osiągniętych wyników, lecz jednocześnie rzucam światło na implikacje strategiczne, które mogą okazać się decydujące dla naszego przyszłego kierunku rozwoju.

Wyniki minionego okresu stanowią świadectwo godnego uwagi postępu na wielu frontach. Efektywność operacyjna wzrosła o 23%, co jest wynikiem nie tylko optymalizacji procesów roboczych, ale również proaktywnej postawy naszego zespołu w identyfikowaniu i eliminowaniu nieefektywności.

Byłoby mi niezmiernie miło móc omówić te ustalenia podczas naszego najbliższego spotkania.

Z wyrazami najwyższego szacunku,
Jan
CyberLink",4,4,C2,Polish
721,Napisz e-mail z przeprosinami za nieobecność na zaplanowanym spotkaniu.,"Szanowny Panie Anna Nowak,

W świetle ostatnich wydarzeń dotyczących biuro, uważam za konieczne przedstawienie Panu obszernej analizy obecnej sytuacji oraz możliwych działań, jakie nasza organizacja może podjąć.

Z analizy danych wynika, że wyniki ostatniego kwartału przekroczyły oczekiwania, odnotowując wzrost produktywności o 15% w porównaniu z analogicznym okresem ubiegłego roku. Jest to w dużej mierze zasługą pomyślnego wdrożenia nowego systemu oraz zaangażowania całego zespołu.

Niemniej jednak istnieją pewne kwestie wymagające dalszej analizy, w tym skalowalność obecnej infrastruktury.

Z wyrazami szacunku,
Anna
InfoBridge",4,4,C1,Polish
588,Γράψτε ένα email παρακολούθησης μετά από προηγούμενη συνέντευξη εργασίας.,"Αγαπητέ Κατερίνα Χρήστου, Σε συνέχεια της πρόσφατης συζήτησής μας σχετικά με τα τεχνικά προβλήματα, θα ήθελα να σας ενημερώσω λεπτομερώς για την τρέχουσα κατάσταση. Έχουμε σημειώσει σημαντική πρόοδο στον τομέα της υλοποίησης. Η ομάδα ολοκλήρωσε επιτυχώς το πρώτο στάδιο και βρισκόμαστε τώρα στο δεύτερο. Αντιμετωπίσαμε ορισμένα μικρά προβλήματα, τα οποία έχουν πλέον επιλυθεί. Προτείνω να προγραμματίσουμε μια συνάντηση την επόμενη εβδομάδα για να συζητήσουμε τα αποτελέσματα. Με εκτίμηση, Κατερίνα NetPro",3,2,B2,Greek
552,Schrijf een e-mail aan uw team met het verzoek om een vergadering volgende dinsdag om de projectvoortgang te bespreken.,"Beste Jan de Vries, Naar aanleiding van ons recente gesprek over de nieuwe software, wil ik u graag een gedetailleerde update geven over de huidige stand van zaken. We hebben aanzienlijke vooruitgang geboekt op het gebied van de implementatie. Het team heeft de eerste fase succesvol afgerond en we zijn nu bezig met de tweede fase. Er zijn enkele kleinere problemen opgetreden, maar die zijn inmiddels opgelost. Ik stel voor dat we volgende week een vergadering plannen om de resultaten te bespreken en de volgende stappen vast te stellen. Daarnaast zou ik graag uw mening willen horen over de voorgestelde aanpak voor het derde kwartaal. Met vriendelijke groet, Jan InfoBridge",3,4,B2,Dutch
815,Schrijf een e-mail met de aankondiging van een nieuw bedrijfsbeleid over thuiswerken.,"Geachte Tom de Groot,

Met genoegen presenteer ik u hierbij een uitvoerige evaluatie van het kwaliteitsprobleem, waarbij ik niet alleen de bereikte resultaten in perspectief plaats, maar tevens de strategische implicaties belicht die van doorslaggevend belang kunnen zijn voor onze toekomstige koers.

De resultaten van de afgelopen periode getuigen van een opmerkelijke vooruitgang op meerdere fronten. De operationele efficiëntie is met 23% toegenomen, hetgeen niet alleen te danken is aan de geoptimaliseerde werkprocessen, maar ook aan de proactieve houding van ons team bij het identificeren en elimineren van inefficiënties.

Wat betreft de technologische infrastructuur hebben wij een solide fundament gelegd waarop toekomstige innovaties kunnen worden gebouwd. De architectuur is zodanig ontworpen dat deze schaalbaar en toekomstbestendig is, waardoor wij flexibel kunnen inspelen op veranderende marktomstandigheden.

Ik nodig u van harte uit om deze bevindingen tijdens ons aanstaande overleg nader te bespreken, zodat wij gezamenlijk de meest optimale strategie kunnen formuleren.

Hoogachtend,
Tom
CyberLink",5,4,C2,Dutch
400,Γράψτε ένα email υπενθυμίζοντας έναν πελάτη για προσεχή προθεσμία τιμολογίου.,"Αγαπητέ Νίκος Δημητρίου, Σας γράφω σχετικά με το πρόβλημα ποιότητας. Μετά την εξέταση της κατάστασης, πιστεύω ότι πρέπει να αναλάβουμε δράση. Θα ήταν καλό αν μπορούσαμε να το συζητήσουμε την επόμενη εβδομάδα. Μπορείτε να μου πείτε πότε είστε διαθέσιμος για μια σύντομη συνάντηση; Προτείνω Τρίτη ή Τετάρτη, αλλά είμαι ευέλικτος. Με εκτίμηση, Νίκος InfoBridge",3,2,B1,Greek
393,Γράψτε ένα email στην υποστήριξη IT σχετικά με πρόβλημα εγκατάστασης λογισμικού.,"Αγαπητέ Νίκος Δημητρίου, Σας γράφω σχετικά με τον προμηθευτή. Μετά την εξέταση της κατάστασης, πιστεύω ότι πρέπει να αναλάβουμε δράση. Θα ήταν καλό αν μπορούσαμε να το συζητήσουμε την επόμενη εβδομάδα. Μπορείτε να μου πείτε πότε είστε διαθέσιμος για μια σύνττομη συνάντηση; Προτείνω Τρίτη ή Τετάρτη, αλλά είμαι ευέλικτος. Με εκτίμηση, Νίκος InfoBridge",3,2,B1,Greek
259,Γράψτε ένα email αναφέροντας ένα σφάλμα λογισμικού στην ομάδα ανάπτυξης.,"Αγαπητέ Ελένη Κωνσταντίνου, γράφω Σας γιατί χρειάζομαι βοήθεια με την εξυπηρέτηση πελατών. Είναι σημαντικό πρόβλημα και ελπίζω να να μπορείτε με βοηθήσετε. Περιμένω την απάντησή σας. Με εκτίμηση, Ελένη",2,1,A2,Greek
54,Schrijf een e-mail met een projectstatusupdate voor de kwartaalbespreking.,"Hallo Tom Groot, Ik heb een vraag over over het kwaliteitsprobleem. Ik weet niet goed wat te doen.",1,2,A1,Dutch
867,Scrivi un'email con un aggiornamento sullo stato del progetto per la revisione trimestrale.,"Egregio Matteo Marino,

Ho il piacere di presentarle una valutazione esaustiva di il progetto, nella quale non mi limito a contestualizzare i risultati raggiunti, ma illumino altresì le implicazioni strategiche che potrebbero rivelarsi determinanti per il nostro futuro orientamento.

I risultati del periodo trascorso testimoniano un progresso notevole su molteplici fronti. L'efficienza operativa è aumentata del 23%, il che è riconducibile non soltanto all'ottimizzazione dei processi lavorativi, ma anche all'atteggiamento proattivo del nostro team nell'identificare ed eliminare le inefficienze.

Sarebbe per me un onore poter approfondire questi risultati nel corso del nostro prossimo incontro.

Distinti saluti,
Matteo
DataSphere",5,3,C2,Italian
619,Γράψτε ένα email προτείνοντας μια νέα ιδέα για εκστρατεία μάρκετινγκ.,"Αξιότιμε Κατερίνα Χρήστου,

Λαμβάνοντας υπόψη τις πρόσφατες εξελίξεις σχετικά με το νέο λογισμικό, κρίνω απαραίτητο να σας παρουσιάσω μια εκτενή ανάλυση της τρέχουσας κατάστασης και των πιθανών ενεργειών που μπορούμε να αναλάβουμε ως οργανισμός.

Από την ανάλυση των δεδομένων προκύπτει ότι τα αποτελέσματα του προηγούμενου τριμήνου ξεπέρασαν τις προσδοκίες, με αύξηση 15% στην παραγωγικότητα σε σύγκριση με την αντίστοιχη περίοδο του προηγούμενου έτους.

Ωστόσο, υπάρχουν ορισμένα σημεία που χρήζουν περαιτέρω εξέτασης. Πρώτον, η επεκτασιμότητα της τρέχουσας υποδομής ενδέχεται να αποτελέσει σημείο συμφόρησης.

Με εκτίμηση,
Κατερίνα
DigiWave",4,4,C1,Greek
791,Schrijf een e-mail met een voorstel voor een nieuw marketingcampagne-idee.,"Geachte Maria Timmers,

Met genoegen presenteer ik u hierbij een uitvoerige evaluatie van de marketingcampagne, waarbij ik niet alleen de bereikte resultaten in perspectief plaats, maar tevens de strategische implicaties belicht die van doorslaggevend belang kunnen zijn voor onze toekomstige koers.

De resultaten van de afgelopen periode getuigen van een opmerkelijke vooruitgang op meerdere fronten. De operationele efficiëntie is met 23% toegenomen, hetgeen niet alleen te danken is aan de geoptimaliseerde werkprocessen, maar ook aan de proactieve houding van ons team bij het identificeren en elimineren van inefficiënties.

Wat betreft de technologische infrastructuur hebben wij een solide fundament gelegd waarop toekomstige innovaties kunnen worden gebouwd. De architectuur is zodanig ontworpen dat deze schaalbaar en toekomstbestendig is, waardoor wij flexibel kunnen inspelen op veranderende marktomstandigheden.

Ik nodig u van harte uit om deze bevindingen tijdens ons aanstaande overleg nader te bespreken, zodat wij gezamenlijk de meest optimale strategie kunnen formuleren.

Hoogachtend,
Maria
CloudMax",5,4,C2,Dutch
63,Napisz e-mail z aktualizacją statusu projektu na przegląd kwartalny.,"Witam, Jestem nowy. Nie wiem co co robić.",1,1,A1,Polish
625,Scrivi un'email a un fornitore richiedendo un preventivo per materiali all'ingrosso.,"Egregio Elena Ricci,

Alla luce dei recenti sviluppi inerenti a la politica del personale, ritengo opportuno presentarle un'analisi approfondita della situazione corrente e delle possibili azioni che la nostra organizzazione potrebbe intraprendere.

Dall'analisi dei dati emerge che i risultati dell'ultimo trimestre hanno superato le aspettative, registrando un incremento del 15% nella produttività rispetto allo stesso periodo dell'anno precedente. Ciò è in gran parte attribuibile alla riuscita implementazione del nuovo sistema e alla dedizione dell'intero team.

Tuttavia, vi sono alcuni aspetti che meritano un'attenta valutazione, tra cui la scalabilità dell'infrastruttura attuale.

Cordiali saluti,
Elena
OptiSoft",4,4,C1,Italian
553,Schrijf een HR-aankondigingsmail over de jaarlijkse sportdag van het bedrijf.,"Beste collega's, Hierbij nodig ik u uit voor onze kwartaalvergadering over het project. De vergadering zal plaatsvinden op donderdag 15 maart om 14:00 uur in vergaderzaal 3. De agenda omvat de volgende punten: 1. Projectvoortgang en mijlpalen 2. Budgetoverzicht en financiële prognose 3. Teamuitbreiding en nieuwe aanwervingen 4. Eventuele vragen en overige punten Gelieve uw beschikbaarheid te bevestigen voor woensdag 12 maart. Indien u niet aanwezig kunt zijn, kunt u uw input vooraf per e-mail delen. Met vriendelijke groet, Sophie",3,3,B2,Dutch
589,Scrivi un'email invitando i colleghi a un evento di networking.,"Gentile Luca Ferrari, In seguito alla nostra recente conversazione riguardo a il progetto, desidero fornirle un aggiornamento dettagliato sullo stato attuale della situazione. Abbiamo compiuto progressi significativi nell'ambito dell'implementazione. Il team ha completato con successo la prima fase e siamo attualmente impegnati nella seconda. Si sono verificati alcuni problemi minori, che sono stati nel frattempo risolti. Propongo di programmare un incontro la prossima settimana per discutere i risultati e definire i prossimi passi. Cordiali saluti, Luca NetPro",5,4,B2,Italian
253,Napisz e-mail do działu zaopatrzenia z prośbą o nowe monitory biurowe.,"Witam kolegów, Chcę was poinformować o opóźnienie. jest To ważne, żeby wszyscy wiedzieli. Jeśli macie pytania, mi dajcie znać. Dziękuję, Anna",4,1,A2,Polish
545,Escreva um email anunciando uma nova política da empresa sobre trabalho remoto.,"Caro João Silva, Na sequência da nossa recente conversa sobre a reunião, gostaria de lhe fornecer uma atualização detalhada sobre a situação atual. Fizemos progressos significativos na área da implementação. A equipa concluiu com sucesso a primeira fase e estamos agora a trabalhar na segunda. Surgiram alguns problemas menores, que já foram resolvidos. Proponho que agendemos uma reunião para a próxima semana para discutir os resultados e definir os próximos passos. Com os melhores cumprimentos, João InfoBridge",3,3,B2,Portuguese
370,Napisz e-mail do kierownika z prośbą o urlop na następny tydzień.,"Szanowny Magdalena Dąbrowska, Piszę do Pana w sprawie problem jakościowy. Po przeanalizowaniu sytuacji uważam, że powinniśmy podjąć działania. Byłoby dobrze, gdybyśmy mogli to omówić w przyszłym tygodnniu. Czy może Pan poinformować mnie, kiedy jest dostępny na krótkie spotkanie? Proponuję wtorek lub środę, ale jestem elastyczny. Z poważaniem, Magdalena FlexiTech",3,3,B1,Polish
789,Napisz e-mail z aktualizacją statusu projektu na przegląd kwartalny.,"Szanowny Panie Anna Nowak,

Z przyjemnością przedstawiam Panu kompleksową ocenę opóźnienie, w której nie ograniczam się jedynie do kontekstualizacji osiągniętych wyników, lecz jednocześnie rzucam światło na implikacje strategiczne, które mogą okazać się decydujące dla naszego przyszłego kierunku rozwoju.

Wyniki minionego okresu stanowią świadectwo godnego uwagi postępu na wielu frontach. Efektywność operacyjna wzrosła o 23%, co jest wynikiem nie tylko optymalizacji procesów roboczych, ale również proaktywnej postawy naszego zespołu w identyfikowaniu i eliminowaniu nieefektywności.

Byłoby mi niezmiernie miło móc omówić te ustalenia podczas naszego najbliższego spotkania.

Z wyrazami najwyższego szacunku,
Anna
SmartCore",5,4,C2,Polish
840,Schrijf een e-mail met een projectstatusupdate voor de kwartaalbespreking.,"Geachte Bram Mulder,

Met genoegen presenteer ik u hierbij een uitvoerige evaluatie van de klantenservice, waarbij ik niet alleen de bereikte resultaten in perspectief plaats, maar tevens de strategische implicaties belicht die van doorslaggevend belang kunnen zijn voor onze toekomstige koers.

De resultaten van de afgelopen periode getuigen van een opmerkelijke vooruitgang op meerdere fronten. De operationele efficiëntie is met 23% toegenomen, hetgeen niet alleen te danken is aan de geoptimaliseerde werkprocessen, maar ook aan de proactieve houding van ons team bij het identificeren en elimineren van inefficiënties.

Wat betreft de technologische infrastructuur hebben wij een solide fundament gelegd waarop toekomstige innovaties kunnen worden gebouwd. De architectuur is zodanig ontworpen dat deze schaalbaar en toekomstbestendig is, waardoor wij flexibel kunnen inspelen op veranderende marktomstandigheden.

Ik nodig u van harte uit om deze bevindingen tijdens ons aanstaande overleg nader te bespreken, zodat wij gezamenlijk de meest optimale strategie kunnen formuleren.

Hoogachtend,
Bram
OptiSoft",5,4,C2,Dutch
35,Scrivi un'email di annuncio HR sulla giornata sportiva annuale dell'azienda.,"Ciao, Sono qui. il progetto. Non so cosa fare. Davide Davide",1,1,A1,Italian
616,Escreva um email ao seu gestor sobre uma alteração no cronograma do projeto.,"Estimado Pedro Costa,

À luz dos recentes desenvolvimentos relativos a o serviço ao cliente, considero necessário apresentar-lhe uma análise abrangente da situação atual e das possíveis ações que a nossa organização pode empreender.

Da análise dos dados resulta que os resultados do último trimestre superaram as expectativas, registando um aumento de 15% na produtividade em comparação com o mesmo período do ano anterior. Isto deve-se em grande parte à implementação bem-sucedida do novo sistema e à dedicação de toda a equipa.

Contudo, existem alguns aspetos que merecem uma análise mais aprofundada, incluindo a escalabilidade da infraestrutura atual.

Com os melhores cumprimentos,
Pedro
NetPro",5,4,C1,Portuguese
860,Escreva um email propondo uma nova ideia para uma campanha de marketing.,"Estimado Beatriz Sousa,

Tenho o prazer de lhe apresentar uma avaliação exaustiva de o orçamento, na qual não me circunscrevo apenas à contextualização dos resultados alcançados, mas ilumino igualmente as implicações estratégicas que poderão revelar-se determinantes para a nossa orientação futura.

Os resultados do período transato constituem testemunho de um progresso notável em múltiplas frentes. A eficiência operacional registou um incremento de 23%, o que se deve não apenas à otimização dos processos de trabalho, mas também à postura proativa da nossa equipa na identificação e eliminação de ineficiências.

Seria para mim uma honra poder aprofundar estas conclusões durante o nosso próximo encontro.

Com os mais elevados cumprimentos,
Beatriz
OptiSoft",5,3,C2,Portuguese
276,Napisz e-mail ogłaszający nową politykę firmy dotyczącą pracy zdalnej.,"Witam kolegów, Chcę was poinformować o nowe oprogramowanie. To jest żeby ważne, wszyscy wiedzieli. Jeśli pytania, macie dajcie mi znać. Dziękuję, Krzysztof",2,0,A2,Polish
322,Scrivi un'email annunciando una nuova politica aziendale sul lavoro da remoto.,"Gentile Marco Rossi, Le scrivo in merito a il nuovvo software. Dopo aver esaminato la situazione, ritengo che dobbiamo prendere provvedimenti. Sarebbe opportuno se potessimo discuterne la prossima settimana. Può farmi sapere quando è disponibile per un breve incontro? Propongo martedì o mercoledì, ma sono fleessibile. Cordiali saluti, Marco TechNova",3,1,B1,Italian
754,Napisz e-mail zgłaszający błąd oprogramowania do zespołu programistów.,"Szanowny Panie Katarzyna Lewandowska,

Z przyjemnością przedstawiam Panu kompleksową ocenę obsługę klienta, w której nie ograniczam się jedynie do kontekstualizacji osiągniętych wyników, lecz jednocześnie rzucam światło na implikacje strategiczne, które mogą okazać się decydujące dla naszego przyszłego kierunku rozwoju.

Wyniki minionego okresu stanowią świadectwo godnego uwagi postępu na wielu frontach. Efektywność operacyjna wzrosła o 23%, co jest wynikiem nie tylko optymalizacji procesów roboczych, ale również proaktywnej postawy naszego zespołu w identyfikowaniu i eliminowaniu nieefektywności.

Byłoby mi niezmiernie miło móc omówić te ustalenia podczas naszego najbliższego spotkania.

Z wyrazami najwyższego szacunku,
Katarzyna
FlexiTech",4,4,C2,Polish
626,Schrijf een e-mail aan uw team met het verzoek om een vergadering volgende dinsdag om de projectvoortgang te bespreken.,"Geachte Anna van der Berg,

Naar aanleiding van de recente ontwikkelingen rondom de leverancier, acht ik het noodzakelijk om u een uitgebreide analyse te presenteren van de huidige situatie en de mogelijke stappen die wij als organisatie kunnen ondernemen.

Uit de data-analyse blijkt dat de resultaten van het afgelopen kwartaal de verwachtingen hebben overtroffen, met een stijging van 15% in productiviteit ten opzichte van dezelfde periode vorig jaar. Dit is grotendeels te danken aan de succesvolle implementatie van het nieuwe systeem en de toewijding van het gehele team.

Desalniettemin zijn er enkele aandachtspunten die nadere beschouwing verdienen. Ten eerste, de schaalbaarheid van de huidige infrastructuur kan een knelpunt vormen bij verdere groei. Ten tweede, de integratie met externe systemen verloopt trager dan oorspronkelijk gepland.

Ik zou willen voorstellen dat wij een strategische sessie organiseren om deze punten te bespreken en een concreet actieplan op te stellen.

Met vriendelijke groet,
Anna
InfoBridge",5,3,C1,Dutch
123,Schrijf een e-mail met de aankondiging van een nieuw bedrijfsbeleid over thuiswerken.,"Beste team, Ik schrijf over de marketingcampagne. is u helpen? Bedankt. Bedankt. Groetjes",0,2,A1,Dutch
760,Γράψτε ένα email προσκαλώντας συναδέλφους σε εκδήλωση δικτύωσης.,"Αξιότιμε Αθηνά Σταθοπούλου,

Με ιδιαίτερη ικανοποίηση σας παρουσιάζω μια εμπεριστατωμένη αξιολόγηση του το πρόβλημα ποιότητας, στην οποία δεν περιορίζομαι μόνο στην ανάδειξη των επιτευγμάτων μας, αλλά φωτίζω ταυτόχρονα τις στρατηγικές προεκτάσεις που δύνανται να καθορίσουν την μελλοντική μας πορεία.

Τα αποτελέσματα της παρελθούσας περιόδου αποτελούν τεκμήριο αξιοσημείωτης προόδου σε πολλαπλά μέτωπα. Η λειτουργική αποδοτικότητα αυξήθηκε κατά 23%, γεγονός που οφείλεται τόσο στη βελτιστοποίηση των εργασιακών διαδικασιών όσο και στην προδραστική στάση της ομάδας μας.

Θα ήταν τιμή μου να συζητήσουμε αυτά τα ευρήματα κατά τη διάρκεια της επερχόμενης συνάντησής μας.

Με τιμή,
Αθηνά
CyberLink",4,3,C2,Greek
648,Schrijf een e-mail als vervolg op een eerder sollicitatiegesprek.,"Geachte Lisa Dekker,

Naar aanleiding van de recente ontwikkelingen rondom de training, acht ik het noodzakelijk om u een uitgebreide analyse te presenteren van de huidige situatie en de mogelijke stappen die wij als organisatie kunnen ondernemen.

Uit de data-analyse blijkt dat de resultaten van het afgelopen kwartaal de verwachtingen hebben overtroffen, met een stijging van 15% in productiviteit ten opzichte van dezelfde periode vorig jaar. Dit is grotendeels te danken aan de succesvolle implementatie van het nieuwe systeem en de toewijding van het gehele team.

Desalniettemin zijn er enkele aandachtspunten die nadere beschouwing verdienen. Ten eerste, de schaalbaarheid van de huidige infrastructuur kan een knelpunt vormen bij verdere groei. Ten tweede, de integratie met externe systemen verloopt trager dan oorspronkelijk gepland.

Ik zou willen voorstellen dat wij een strategische sessie organiseren om deze punten te bespreken en een concreet actieplan op te stellen.

Met vriendelijke groet,
Lisa
FlexiTech",4,4,C1,Dutch
825,Schrijf een e-mail aan IT-ondersteuning over een probleem met de software-installatie.,"Geachte Lisa Dekker,

Met genoegen presenteer ik u hierbij een uitvoerige evaluatie van de vertraging, waarbij ik niet alleen de bereikte resultaten in perspectief plaats, maar tevens de strategische implicaties belicht die van doorslaggevend belang kunnen zijn voor onze toekomstige koers.

De resultaten van de afgelopen periode getuigen van een opmerkelijke vooruitgang op meerdere fronten. De operationele efficiëntie is met 23% toegenomen, hetgeen niet alleen te danken is aan de geoptimaliseerde werkprocessen, maar ook aan de proactieve houding van ons team bij het identificeren en elimineren van inefficiënties.

Wat betreft de technologische infrastructuur hebben wij een solide fundament gelegd waarop toekomstige innovaties kunnen worden gebouwd. De architectuur is zodanig ontworpen dat deze schaalbaar en toekomstbestendig is, waardoor wij flexibel kunnen inspelen op veranderende marktomstandigheden.

Ik nodig u van harte uit om deze bevindingen tijdens ons aanstaande overleg nader te bespreken, zodat wij gezamenlijk de meest optimale strategie kunnen formuleren.

Hoogachtend,
Lisa
CloudMax",4,4,C2,Dutch
49,Napisz e-mail do kierownika o zmianie harmonogramu projektu.,"Witam, Jestem Chcę politykę kadrową. Nie wiem co Marek Marek.",1,1,A1,Polish
472,Schrijf een e-mail aan uw team met het verzoek om een vergadering volgende dinsdag om de projectvoortgang te bespreken.,"Beste Maria Timmers, Naar aanleiding van ons recente gesprek over de leverancier, wil ik u graag een gedetailleerde update geven over de huidige stand van zaken. We hebben aanzienlijke vooruitgang geboekt op het gebied van de implementatie. Het team heeft de eerste fase succesvol afgerond en we zijn nu bezig met de tweede fase. Er zijn enkele kleinere problemen opgetreden, maar die zijn inmiddels opgelost. Ik stel voor dat we volgende week een vergadering plannen om de resultaten te bespreken en de volgende stappen vast te stellen. Daarnaast zou ik graag uw mening willen horen over de voorgestelde aanpak voor het derde kwartaal. Met vriendelijke groet, Maria CyberLink",3,3,B2,Dutch
358,Escreva um email solicitando um reembolso por um produto com defeito.,"Caro Carlos Oliveira, Estou a escrever-lhe a respeito de a campanha de marketing. Após analisar a situação, acredito que devemos tomar meedidas. Seria bom se pudéssemos discutir isto na próxima semana. Pode informar-me quando está disponível para uma breve reunião? Sugiro terça ou quarta-feiraa, mas sou flexível. Com os melhores cumprimentos, Carlos OptiSoft",2,2,B1,Portuguese
94,Napisz e-mail do działu zaopatrzenia z prośbą o nowe monitory biurowe.,"Drogi Nowak, Mam problem. Potrzebuję pomocy pomocy Czy możesz pomóc? Dziękuję. Z poważaniem",2,2,A1,Polish
726,Napisz e-mail do zespołu z prośbą o spotkanie w przyszły wtorek w celu omówienia postępów projektu.,"Szanowny Panie Jan Kowalski,

W świetle ostatnich wydarzeń dotyczących problem jakościowy, uważam za konieczne przedstawienie Panu obszernej analizy obecnej sytuacji oraz możliwych działań, jakie nasza organizacja może podjąć.

Z analizy danych wynika, że wyniki ostatniego kwartału przekroczyły oczekiwania, odnotowując wzrost produktywności o 15% w porównaniu z analogicznym okresem ubiegłego roku. Jest to w dużej mierze zasługą pomyślnego wdrożenia nowego systemu oraz zaangażowania całego zespołu.

Niemniej jednak istnieją pewne kwestie wymagające dalszej analizy, w tym skalowalność obecnej infrastruktury.

Z wyrazami szacunku,
Jan
DataSphere",4,3,C1,Polish
732,Napisz e-mail proponujący nowy pomysł na kampanię marketingową.,"Szanowny Panie Agnieszka Szymańska,

W świetle ostatnich wydarzeń dotyczących fakturę, uważam za konieczne przedstawienie Panu obszernej analizy obecnej sytuacji oraz możliwych działań, jakie nasza organizacja może podjąć.

Z analizy danych wynika, że wyniki ostatniego kwartału przekroczyły oczekiwania, odnotowując wzrost produktywności o 15% w porównaniu z analogicznym okresem ubiegłego roku. Jest to w dużej mierze zasługą pomyślnego wdrożenia nowego systemu oraz zaangażowania całego zespołu.

Niemniej jednak istnieją pewne kwestie wymagające dalszej analizy, w tym skalowalność obecnej infrastruktury.

Z wyrazami szacunku,
Agnieszka
DataSphere",4,4,C1,Polish
895,Scrivi un'email al tuo manager riguardo un cambiamento nella tempistica del progetto.,"Egregio Giulia Bianchi,

Ho il piacere di presentarle una valutazione esaustiva di la fattura, nella quale non mi limito a contestualizzare i risultati raggiunti, ma illumino altresì le implicazioni strategiche che potrebbero rivelarsi determinanti per il nostro futuro orientamento.

I risultati del periodo trascorso testimoniano un progresso notevole su molteplici fronti. L'efficienza operativa è aumentata del 23%, il che è riconducibile non soltanto all'ottimizzazione dei processi lavorativi, ma anche all'atteggiamento proattivo del nostro team nell'identificare ed eliminare le inefficienze.

Sarebbe per me un onore poter approfondire questi risultati nel corso del nostro prossimo incontro.

Distinti saluti,
Giulia
FlexiTech",4,3,C2,Italian
502,Napisz e-mail do zespołu z prośbą o spotkanie w przyszły wtorek w celu omówienia postępów projektu.,"Szanowny Magdalena Dąbrowska, W nawiązaniu do naszej ostatniej rozmowy na temat dostawcę, chciałbym przedstawić Panu szczegółową aktualizację obecnego stanu rzeczy. Poczyniliśmy znaczące postępy w zakresie wdrożenia. Zespół pomyślnie zakończył pierwszy etap i obecnie jesteśmy w trakcie realizacji drugiego. Wystąpiło kilka drobnych problemów, które zostały już rozwiązane. Proponuję, abyśmy zaplanowali spotkanie w przyszłym tygodniu w celu omówienia wyników i ustalenia kolejnych kroków. Z poważaniem, Magdalena NetPro",4,2,B2,Polish
376,Escreva um email pedindo desculpas por ter faltado a uma reunião agendada.,"Caro Sofia Rodrigues, Estou a escrever-lhe a respeito de o atraso. Após analisar a situação, acredito que devemos tomar medidas. Seria bom se pudéssemos discutir istto na próxima semana. Podde informar-me quando está disponível para uma breve reunião? Sugiro terça ou quarta-feira, mas sou flexível. Com os melhores cumprimentos, Sofia InfoBridge",2,3,B1,Portuguese
857,Napisz e-mail z podziękowaniami dla klienta za ciągłą współpracę.,"Szanowny Panie Anna Nowak,

Z przyjemnością przedstawiam Panu kompleksową ocenę wprowadzenie produktu, w której nie ograniczam się jedynie do kontekstualizacji osiągniętych wyników, lecz jednocześnie rzucam światło na implikacje strategiczne, które mogą okazać się decydujące dla naszego przyszłego kierunku rozwoju.

Wyniki minionego okresu stanowią świadectwo godnego uwagi postępu na wielu frontach. Efektywność operacyjna wzrosła o 23%, co jest wynikiem nie tylko optymalizacji procesów roboczych, ale również proaktywnej postawy naszego zespołu w identyfikowaniu i eliminowaniu nieefektywności.

Byłoby mi niezmiernie miło móc omówić te ustalenia podczas naszego najbliższego spotkania.

Z wyrazami najwyższego szacunku,
Anna
FlexiTech",5,4,C2,Polish
92,Γράψτε ένα email στον διευθυντή σας ζητώντας άδεια για την επόμενη εβδομάδα.,"Γεια σας, Είμαι νέος εδώ. Θέλω Θέλω τον προϋπολογισμό. ξέρω τι να Κώστας",0,0,A1,Greek
128,Escreva um email a um fornecedor solicitando um orçamento para materiais a granel.,"Carlos Oliveira, Tenho um problema. Quero ajuda com Pode ajudar? Obrigado. Obrigado. Atenciosamente",1,0,A1,Portuguese
881,Schrijf een e-mail naar een klant als reactie op hun klacht over een vertraagde levering.,"Geachte Tom de Groot,

Met genoegen presenteer ik u hierbij een uitvoerige evaluatie van het personeelsbeleid, waarbij ik niet alleen de bereikte resultaten in perspectief plaats, maar tevens de strategische implicaties belicht die van doorslaggevend belang kunnen zijn voor onze toekomstige koers.

De resultaten van de afgelopen periode getuigen van een opmerkelijke vooruitgang op meerdere fronten. De operationele efficiëntie is met 23% toegenomen, hetgeen niet alleen te danken is aan de geoptimaliseerde werkprocessen, maar ook aan de proactieve houding van ons team bij het identificeren en elimineren van inefficiënties.

Wat betreft de technologische infrastructuur hebben wij een solide fundament gelegd waarop toekomstige innovaties kunnen worden gebouwd. De architectuur is zodanig ontworpen dat deze schaalbaar en toekomstbestendig is, waardoor wij flexibel kunnen inspelen op veranderende marktomstandigheden.

Ik nodig u van harte uit om deze bevindingen tijdens ons aanstaande overleg nader te bespreken, zodat wij gezamenlijk de meest optimale strategie kunnen formuleren.

Hoogachtend,
Tom
InfoBridge",5,3,C2,Dutch
90,Schrijf een e-mail met feedback over een recente trainingsessie.,"Hallo Lisa Dekker, Lisa. Ik wil het personeelsbeleid. Dat is is goed. u.",1,2,A1,Dutch
663,Γράψτε ένα email σε προμηθευτή ζητώντας προσφορά για χύμα υλικά.,"Αξιότιμε Γιώργος Παπαδόπουλος,

Λαμβάνοντας υπόψη τις πρόσφατες εξελίξεις σχετικά με το γραφείο, κρίνω απαραίτητο να σας παρουσιάσω μια εκτενή ανάλυση της τρέχουσας κατάστασης και των πιθανών ενεργειών που μπορούμε να αναλάβουμε ως οργανισμός.

Από την ανάλυση των δεδομένων προκύπτει ότι τα αποτελέσματα του προηγούμενου τριμήνου ξεπέρασαν τις προσδοκίες, με αύξηση 15% στην παραγωγικότητα σε σύγκριση με την αντίστοιχη περίοδο του προηγούμενου έτους.

Ωστόσο, υπάρχουν ορισμένα σημεία που χρήζουν περαιτέρω εξέτασης. Πρώτον, η επεκτασιμότητα της τρέχουσας υποδομής ενδέχεται να αποτελέσει σημείο συμφόρησης.

Με εκτίμηση,
Γιώργος
DataSphere",5,4,C1,Greek
415,Scrivi un'email per ricordare a un cliente una scadenza di fattura imminente.,"Gentile Francesca Romano, Le scrivo in merito a i prooblemi teccnici. Dopo aver esaminato la situazione, ritengo che dobbiamo prendere provvedimenti. Sarebbe opportuno se potessimo discuterne la prossima settimana. Può farmi sapere quando è disponibile per un breve incontro? Propongo martedì o mercoledì, ma sono flessibile. Cordiali saluti, Francesca DigiWave",2,3,B1,Italian
422,Schrijf een e-mail met de aankondiging van een nieuw bedrijfsbeleid over thuiswerken.,"Beste Lisa Dekkerr, Bedankt voor uw bericht over de marketingcampagne. Ik heb de informmatie bestudeerd en heb enkele opmerkingen die ik graag met u wil delen. Ten eerste, ik denk dat we het budget opnieuw moeten bekijken. Ten tweede, de tijdlijn moet aangepast worden. Kunt u mij hier feedback over geven? Met vriendelijke groet, Lisa",4,3,B1,Dutch
670,Escreva um email relatando um erro de software para a equipa de desenvolvimento.,"Estimado Inês Almeida,

À luz dos recentes desenvolvimentos relativos a a formação, considero necessário apresentar-lhe uma análise abrangente da situação atual e das possíveis ações que a nossa organização pode empreender.

Da análise dos dados resulta que os resultados do último trimestre superaram as expectativas, registando um aumento de 15% na produtividade em comparação com o mesmo período do ano anterior. Isto deve-se em grande parte à implementação bem-sucedida do novo sistema e à dedicação de toda a equipa.

Contudo, existem alguns aspetos que merecem uma análise mais aprofundada, incluindo a escalabilidade da infraestrutura atual.

Com os melhores cumprimentos,
Inês
FlexiTech",4,4,C1,Portuguese
761,Scrivi un'email al supporto IT riguardo un problema di installazione software.,"Egregio Marco Rossi,

Ho il piacere di presentarle una valutazione esaustiva di il servizio clienti, nella quale non mi limito a contestualizzare i risultati raggiunti, ma illumino altresì le implicazioni strategiche che potrebbero rivelarsi determinanti per il nostro futuro orientamento.

I risultati del periodo trascorso testimoniano un progresso notevole su molteplici fronti. L'efficienza operativa è aumentata del 23%, il che è riconducibile non soltanto all'ottimizzazione dei processi lavorativi, ma anche all'atteggiamento proattivo del nostro team nell'identificare ed eliminare le inefficienze.

Sarebbe per me un onore poter approfondire questi risultati nel corso del nostro prossimo incontro.

Distinti saluti,
Marco
CloudMax",5,3,C2,Italian
683,Scrivi un'email di annuncio HR sulla giornata sportiva annuale dell'azienda.,"Egregio Chiara Conti,

Alla luce dei recenti sviluppi inerenti a la formazione, ritengo opportuno presentarle un'analisi approfondita della situazione corrente e delle possibili azioni che la nostra organizzazione potrebbe intraprendere.

Dall'analisi dei dati emerge che i risultati dell'ultimo trimestre hanno superato le aspettative, registrando un incremento del 15% nella produttività rispetto allo stesso periodo dell'anno precedente. Ciò è in gran parte attribuibile alla riuscita implementazione del nuovo sistema e alla dedizione dell'intero team.

Tuttavia, vi sono alcuni aspetti che meritano un'attenta valutazione, tra cui la scalabilità dell'infrastruttura attuale.

Cordiali saluti,
Chiara
CyberLink",4,4,C1,Italian
672,Schrijf een e-mail met een projectstatusupdate voor de kwartaalbespreking.,"Geachte Eva Meijer,

Naar aanleiding van de recente ontwikkelingen rondom het personeelsbeleid, acht ik het noodzakelijk om u een uitgebreide analyse te presenteren van de huidige situatie en de mogelijke stappen die wij als organisatie kunnen ondernemen.

Uit de data-analyse blijkt dat de resultaten van het afgelopen kwartaal de verwachtingen hebben overtroffen, met een stijging van 15% in productiviteit ten opzichte van dezelfde periode vorig jaar. Dit is grotendeels te danken aan de succesvolle implementatie van het nieuwe systeem en de toewijding van het gehele team.

Desalniettemin zijn er enkele aandachtspunten die nadere beschouwing verdienen. Ten eerste, de schaalbaarheid van de huidige infrastructuur kan een knelpunt vormen bij verdere groei. Ten tweede, de integratie met externe systemen verloopt trager dan oorspronkelijk gepland.

Ik zou willen voorstellen dat wij een strategische sessie organiseren om deze punten te bespreken en een concreet actieplan op te stellen.

Met vriendelijke groet,
Eva
InfoBridge",4,4,C1,Dutch
365,Scrivi un'email al tuo team richiedendo una riunione martedì prossimo per discutere i progressi del progetto.,"Gentile Luca Ferrari, Le scrivo in merito a la politica del personale. Dopo aver esaminato la situazione, ritengo che dobbiiamo prendere provvedimenti. Sarebbe opportuno se potessimo discuterne la prossima settimana. Può farmi sapere quando è disponibile per un breve incontro? Propongo martedì o mercoledì, ma sono flessibile. Cordiali saluti, Luca DataSphere",3,2,B1,Italian
883,Scrivi un'email fornendo feedback su una recente sessione di formazione.,"Egregio Giulia Bianchi,

Ho il piacere di presentarle una valutazione esaustiva di il lancio del prodotto, nella quale non mi limito a contestualizzare i risultati raggiunti, ma illumino altresì le implicazioni strategiche che potrebbero rivelarsi determinanti per il nostro futuro orientamento.

I risultati del periodo trascorso testimoniano un progresso notevole su molteplici fronti. L'efficienza operativa è aumentata del 23%, il che è riconducibile non soltanto all'ottimizzazione dei processi lavorativi, ma anche all'atteggiamento proattivo del nostro team nell'identificare ed eliminare le inefficienze.

Sarebbe per me un onore poter approfondire questi risultati nel corso del nostro prossimo incontro.

Distinti saluti,
Giulia
FlexiTech",4,4,C2,Italian
359,Γράψτε ένα email στο τμήμα προμηθειών ζητώντας νέες οθόνες γραφείου.,"Αγαπητέ Κώστας Νικολάου, Σας γράφω σχετικά με την εκπαίδευση. Μετά την εξέταση της κατάστασης, πιστεύω ότι πρέπει να ανααλάβουμε δράση. Θα ήταν καλό αν μπορούσαμε να το συζητήσουμε την επόμενη εβδομάδα. Μπορείτε να μου πείτε πότε είστε διαθέσιμοος για μια σύντομη συνάντηση; Προτείνω Τρίτη ή Τετάρτη, αλλά είμαι ευέλικτος. Με εκτίμηση, Κώστας SmartCore",3,3,B1,Greek
178,Γράψτε ένα email ζητώντας συγγνώμη που χάσατε μια προγραμματισμένη συνάντηση.,"Γεια σας συνάδελφοι, Θέλω να σας ενημερώσω για το λογισμικό. νέο Είναι σημαντικό να το ξέρουν όλοι. Αν έχετε ενημερώστε ερωτήσεις, με. Ευχαριστώ, Κατερίνα",2,2,A2,Greek
777,Γράψτε ένα email καλωσορίσματος για νέο υπάλληλο που εντάσσεται στην ομάδα σας.,"Αξιότιμε Κατερίνα Χρήστου,

Με ιδιαίτερη ικανοποίηση σας παρουσιάζω μια εμπεριστατωμένη αξιολόγηση του τα τεχνικά προβλήματα, στην οποία δεν περιορίζομαι μόνο στην ανάδειξη των επιτευγμάτων μας, αλλά φωτίζω ταυτόχρονα τις στρατηγικές προεκτάσεις που δύνανται να καθορίσουν την μελλοντική μας πορεία.

Τα αποτελέσματα της παρελθούσας περιόδου αποτελούν τεκμήριο αξιοσημείωτης προόδου σε πολλαπλά μέτωπα. Η λειτουργική αποδοτικότητα αυξήθηκε κατά 23%, γεγονός που οφείλεται τόσο στη βελτιστοποίηση των εργασιακών διαδικασιών όσο και στην προδραστική στάση της ομάδας μας.

Θα ήταν τιμή μου να συζητήσουμε αυτά τα ευρήματα κατά τη διάρκεια της επερχόμενης συνάντησής μας.

Με τιμή,
Κατερίνα
CyberLink",5,3,C2,Greek
452,Napisz e-mail zgłaszający błąd oprogramowania do zespołu programistów.,"Szanowny Agnieszka Szymańska, W nawiązaniu do naszej ostatniej rozmowy na temat obsługę klienta, chciałbym przedstawić Panu szczegółową aktualizację obecnego stanu rzeczy. Poczyniliśmy znaczące postępy w zakresie wdrożenia. Zespół pomyślnie zakończył pierwszy etap i obecnie jesteśmy w trakcie realizacji drugiego. Wystąpiło kilka drobnych problemów, które zostały już rozwiązane. Proponuję, abyśmy zaplanowali spotkanie w przyszłym tygodniu w celu omówienia wyników i ustalenia kolejnych kroków. Z poważaniem, Agnieszka DataSphere",4,2,B2,Polish
331,Scrivi un'email richiedendo un rimborso per un prodotto difettoso.,"Gentile Marco Rossi, Le scrivo in merito a il lancio del prodotto. Dopo aver esaminato la situazione, ritengo che dobbiamo prendere provvedimenti. Sarebbe opportuno se potessimo discuterne la prossima settimana. Può farmi sapere quando è disponibile per un brreve incontro? Propongo martedì o mercoledì, ma sono flessibile. Cordiali saluti, Marco DigiWave",3,3,B1,Italian
735,Scrivi un'email annunciando una nuova politica aziendale sul lavoro da remoto.,"Egregio Elena Ricci,

Alla luce dei recenti sviluppi inerenti a la campagna di marketing, ritengo opportuno presentarle un'analisi approfondita della situazione corrente e delle possibili azioni che la nostra organizzazione potrebbe intraprendere.

Dall'analisi dei dati emerge che i risultati dell'ultimo trimestre hanno superato le aspettative, registrando un incremento del 15% nella produttività rispetto allo stesso periodo dell'anno precedente. Ciò è in gran parte attribuibile alla riuscita implementazione del nuovo sistema e alla dedizione dell'intero team.

Tuttavia, vi sono alcuni aspetti che meritano un'attenta valutazione, tra cui la scalabilità dell'infrastruttura attuale.

Cordiali saluti,
Elena
SmartCore",4,4,C1,Italian
47,Scrivi un'email annunciando una nuova politica aziendale sul lavoro da remoto.,"Matteo Marino, Io sono Matteo. Io voglio i problemi tecnici. tecnici. Saluti",1,1,A1,Italian
523,Napisz e-mail do działu zaopatrzenia z prośbą o nowe monitory biurowe.,"Szanowny Maria Wójcik, W nawiązaniu do naszej ostatniej rozmowy na temat dostawcę, chciałbym przedstawić Panu szczegółową aktualizację obecnego stanu rzeczy. Poczyniliśmy znaczące postępy w zakresie wdrożenia. Zespół pomyślnie zakończył pierwszy etap i obecnie jesteśmy w trakcie realizacji drugiego. Wystąpiło kilka drobnych problemów, które zostały już rozwiązane. Proponuję, abyśmy zaplanowali spotkanie w przyszłym tygodniu w celu omówienia wyników i ustalenia kolejnych kroków. Z poważaniem, Maria OptiSoft",3,3,B2,Polish
21,Schrijf een e-mail met een projectstatusupdate voor de kwartaalbespreking.,"Beste Beste de Groot, Ik problem. Ik wil hulp met de Kan u helpen? Dank. Met vriendelijke",2,2,A1,Dutch
687,Schrijf een e-mail om een klant te herinneren aan een naderende factuurdeadline.,"Geachte Sophie Visser,

Naar aanleiding van de recente ontwikkelingen rondom de factuur, acht ik het noodzakelijk om u een uitgebreide analyse te presenteren van de huidige situatie en de mogelijke stappen die wij als organisatie kunnen ondernemen.

Uit de data-analyse blijkt dat de resultaten van het afgelopen kwartaal de verwachtingen hebben overtroffen, met een stijging van 15% in productiviteit ten opzichte van dezelfde periode vorig jaar. Dit is grotendeels te danken aan de succesvolle implementatie van het nieuwe systeem en de toewijding van het gehele team.

Desalniettemin zijn er enkele aandachtspunten die nadere beschouwing verdienen. Ten eerste, de schaalbaarheid van de huidige infrastructuur kan een knelpunt vormen bij verdere groei. Ten tweede, de integratie met externe systemen verloopt trager dan oorspronkelijk gepland.

Ik zou willen voorstellen dat wij een strategische sessie organiseren om deze punten te bespreken en een concreet actieplan op te stellen.

Met vriendelijke groet,
Sophie
FlexiTech",3,4,C1,Dutch
237,Schrijf een e-mail aan IT-ondersteuning over een probleem met de software-installatie.,"Beste Eva Meijer, Bedankt voor e-mail. uw Ik begrijp het probleem met training. Ik de ga proberen om een oplossing te vinden. Ik neem snel contact op. Met vriendelijke groet, Eva",3,0,A2,Dutch
807,Napisz e-mail z podziękowaniami dla klienta za ciągłą współpracę.,"Szanowny Panie Maria Wójcik,

Z przyjemnością przedstawiam Panu kompleksową ocenę opóźnienie, w której nie ograniczam się jedynie do kontekstualizacji osiągniętych wyników, lecz jednocześnie rzucam światło na implikacje strategiczne, które mogą okazać się decydujące dla naszego przyszłego kierunku rozwoju.

Wyniki minionego okresu stanowią świadectwo godnego uwagi postępu na wielu frontach. Efektywność operacyjna wzrosła o 23%, co jest wynikiem nie tylko optymalizacji procesów roboczych, ale również proaktywnej postawy naszego zespołu w identyfikowaniu i eliminowaniu nieefektywności.

Byłoby mi niezmiernie miło móc omówić te ustalenia podczas naszego najbliższego spotkania.

Z wyrazami najwyższego szacunku,
Maria
InfoBridge",5,4,C2,Polish
763,Napisz e-mail powitalny dla nowego pracownika dołączającego do zespołu.,"Szanowny Panie Tomasz Kamiński,

Z przyjemnością przedstawiam Panu kompleksową ocenę opóźnienie, w której nie ograniczam się jedynie do kontekstualizacji osiągniętych wyników, lecz jednocześnie rzucam światło na implikacje strategiczne, które mogą okazać się decydujące dla naszego przyszłego kierunku rozwoju.

Wyniki minionego okresu stanowią świadectwo godnego uwagi postępu na wielu frontach. Efektywność operacyjna wzrosła o 23%, co jest wynikiem nie tylko optymalizacji procesów roboczych, ale również proaktywnej postawy naszego zespołu w identyfikowaniu i eliminowaniu nieefektywności.

Byłoby mi niezmiernie miło móc omówić te ustalenia podczas naszego najbliższego spotkania.

Z wyrazami najwyższego szacunku,
Tomasz
NetPro",5,3,C2,Polish
780,Escreva um email agradecendo a um cliente pela sua contínua colaboração.,"Estimado Inês Almeida,

Tenho o prazer de lhe apresentar uma avaliação exaustiva de a fatura, na qual não me circunscrevo apenas à contextualização dos resultados alcançados, mas ilumino igualmente as implicações estratégicas que poderão revelar-se determinantes para a nossa orientação futura.

Os resultados do período transato constituem testemunho de um progresso notável em múltiplas frentes. A eficiência operacional registou um incremento de 23%, o que se deve não apenas à otimização dos processos de trabalho, mas também à postura proativa da nossa equipa na identificação e eliminação de ineficiências.

Seria para mim uma honra poder aprofundar estas conclusões durante o nosso próximo encontro.

Com os mais elevados cumprimentos,
Inês
SmartCore",5,4,C2,Portuguese
292,Γράψτε ένα email καλωσορίσματος για νέο υπάλληλο που εντάσσεται στην ομάδα σας.,"Αγαπητέ Γεωργίου, Δημήτρης Σας γράφω γιατί χρειάζομαι με βοήθεια το πρόβλημα ποιότητας. Είναι σημαντικό πρόβλημα και ελπίζω να μπορείτε να με βοηθήσετε. Περιμένω την απάντησή σας. Με εκτίμηση, Δημήτρης",2,1,A2,Greek
467,Escreva um email lembrando um cliente sobre um prazo de fatura próximo.,"Caro Carlos Oliveira, Na sequência da nossa recente conversa sobre a formação, gostaria de lhe fornecer uma atualização detalhada sobre a situação atual. Fizemos progressos significativos na área da implementação. A equipa concluiu com sucesso a primeira fase e estamos agora a trabalhar na segunda. Surgiram alguns problemas menores, que já foram resolvidos. Proponho que agendemos uma reunião para a próxima semana para discutir os resultados e definir os próximos passos. Com os melhores cumprimentos, Carlos SmartCore",3,4,B2,Portuguese
169,Scrivi un'email al supporto IT riguardo un problema di installazione software.,"Ciao colleghi, Voglio su informarvi il fornitore. È importante che lo tutti sappiano. Se avete domande, fatemi sapere. Grazie, Luca",3,3,A2,Italian
270,Γράψτε ένα email στην υποστήριξη IT σχετικά με πρόβλημα εγκατάστασης λογισμικού.,"Αγαπητέ Γιώργος Παπαδόπουλος, Σας γράφω γιατί χρειάζομαι βοήθεια την με εκπαίδευση. Είναι σημαντικό πρόβλημα και ελπίζω να μπορείτε να βοηθήσετε. με Περιμένω την απάντησή σας. Με εκτίμηση, Γιώργος",3,0,A2,Greek
127,Escreva um email solicitando um reembolso por um produto com defeito.,"Sofia Rodrigues, sou Sofia. Eu quero o fornecedor. fornecedor. Obrigado. Cumprimentos",0,0,A1,Portuguese
563,Napisz e-mail do kierownika o zmianie harmonogramu projektu.,"Szanowny Agnieszka Szymańska, W nawiązaniu do naszej ostatniej rozmowy na temat wprowadzenie produktu, chciałbym przedstawić Panu szczegółową aktualizację obecnego stanu rzeczy. Poczyniliśmy znaczące postępy w zakresie wdrożenia. Zespół pomyślnie zakończył pierwszy etap i obecnie jesteśmy w trakcie realizacji drugiego. Wystąpiło kilka drobnych problemów, które zostały już rozwiązane. Proponuję, abyśmy zaplanowali spotkanie w przyszłym tygodniu w celu omówienia wyników i ustalenia kolejnych kroków. Z poważaniem, Agnieszka InfoBridge",5,2,B2,Polish
496,Napisz e-mail zapraszający kolegów na wydarzenie networkingowe.,"Szanowny Piotr Wiśniewski, W nawiązaniu do naszej ostatniej rozmowy na temat fakturę, chciałbym przedstawić Panu szczegółową aktualizację obecnego stanu rzeczy. Poczyniliśmy znaczące postępy w zakresie wdrożenia. Zespół pomyślnie zakończył pierwszy etap i obecnie jesteśmy w trakcie realizacji drugiego. Wystąpiło kilka drobnych problemów, które zostały już rozwiązane. Proponuję, abyśmy zaplanowali spotkanie w przyszłym tygodniu w celu omówienia wyników i ustalenia kolejnych kroków. Z poważaniem, Piotr TechNova",3,4,B2,Polish
205,Napisz e-mail będący kontynuacją poprzedniej rozmowy kwalifikacyjnej.,"Drogi Magdalena Dąbrowska, Piszę do Pana, ponieważ potrzebuję pomocy z projekt. jest To ważny problem i mam nadzieję, że może mi Pan Czekam pomóc. na odpowiedź. Z poważaniem, Magdalena",2,1,A2,Polish
423,Escreva um email anunciando uma nova política da empresa sobre trabalho remoto.,"Caro Miguel Pereira, Estou a escrever-lhe a respeito de os problemas técnicos. Após analisar a situação, acredito que devvemos tomar medidas. Seria bom se pudéssemos discutir isto na próxima semana. Pode informar-me quando está disponível para uma breve reunião? Sugiro terça ou quarta-feira, mas sou flexível. Com os melhores cumprimentos, Miguel CloudMax",3,3,B1,Portuguese
537,Γράψτε ένα email ευχαριστώντας έναν πελάτη για τη συνεχή συνεργασία.,"Αγαπητέ Νίκος Δημητρίου, Σε συνέχεια της πρόσφατης συζήτησής μας σχετικά με την πολιτική προσωπικού, θα ήθελα να σας ενημερώσω λεπτομερώς για την τρέχουσα κατάσταση. Έχουμε σημειώσει σημαντική πρόοδο στον τομέα της υλοποίησης. Η ομάδα ολοκλήρωσε επιτυχώς το πρώτο στάδιο και βρισκόμαστε τώρα στο δεύτερο. Αντιμετωπίσαμε ορισμένα μικρά προβλήματα, τα οποία έχουν πλέον επιλυθεί. Προτείνω να προγραμματίσουμε μια συνάντηση την επόμενη εβδομάδα για να συζητήσουμε τα αποτελέσματα. Με εκτίμηση, Νίκος OptiSoft",4,3,B2,Greek
806,Napisz e-mail do kierownika o zmianie harmonogramu projektu.,"Szanowny Panie Katarzyna Lewandowska,

Z przyjemnością przedstawiam Panu kompleksową ocenę problem jakościowy, w której nie ograniczam się jedynie do kontekstualizacji osiągniętych wyników, lecz jednocześnie rzucam światło na implikacje strategiczne, które mogą okazać się decydujące dla naszego przyszłego kierunku rozwoju.

Wyniki minionego okresu stanowią świadectwo godnego uwagi postępu na wielu frontach. Efektywność operacyjna wzrosła o 23%, co jest wynikiem nie tylko optymalizacji procesów roboczych, ale również proaktywnej postawy naszego zespołu w identyfikowaniu i eliminowaniu nieefektywności.

Byłoby mi niezmiernie miło móc omówić te ustalenia podczas naszego najbliższego spotkania.

Z wyrazami najwyższego szacunku,
Katarzyna
FlexiTech",5,4,C2,Polish
621,Scrivi un'email proponendo una nuova idea per una campagna di marketing.,"Egregio Sara Greco,

Alla luce dei recenti sviluppi inerenti a i problemi tecnici, ritengo opportuno presentarle un'analisi approfondita della situazione corrente e delle possibili azioni che la nostra organizzazione potrebbe intraprendere.

Dall'analisi dei dati emerge che i risultati dell'ultimo trimestre hanno superato le aspettative, registrando un incremento del 15% nella produttività rispetto allo stesso periodo dell'anno precedente. Ciò è in gran parte attribuibile alla riuscita implementazione del nuovo sistema e alla dedizione dell'intero team.

Tuttavia, vi sono alcuni aspetti che meritano un'attenta valutazione, tra cui la scalabilità dell'infrastruttura attuale.

Cordiali saluti,
Sara
TechNova",4,4,C1,Italian
808,Scrivi un'email a un cliente in risposta al suo reclamo per una consegna in ritardo.,"Egregio Marco Rossi,

Ho il piacere di presentarle una valutazione esaustiva di il ritardo, nella quale non mi limito a contestualizzare i risultati raggiunti, ma illumino altresì le implicazioni strategiche che potrebbero rivelarsi determinanti per il nostro futuro orientamento.

I risultati del periodo trascorso testimoniano un progresso notevole su molteplici fronti. L'efficienza operativa è aumentata del 23%, il che è riconducibile non soltanto all'ottimizzazione dei processi lavorativi, ma anche all'atteggiamento proattivo del nostro team nell'identificare ed eliminare le inefficienze.

Sarebbe per me un onore poter approfondire questi risultati nel corso del nostro prossimo incontro.

Distinti saluti,
Marco
DigiWave",4,4,C2,Italian
491,Napisz e-mail zgłaszający błąd oprogramowania do zespołu programistów.,"Szanowny Maria Wójcik, W nawiązaniu do naszej ostatniej rozmowy na temat spotkanie, chciałbym przedstawić Panu szczegółową aktualizację obecnego stanu rzeczy. Poczyniliśmy znaczące postępy w zakresie wdrożenia. Zespół pomyślnie zakończył pierwszy etap i obecnie jesteśmy w trakcie realizacji drugiego. Wystąpiło kilka drobnych problemów, które zostały już rozwiązane. Proponuję, abyśmy zaplanowali spotkanie w przyszłym tygodniu w celu omówienia wyników i ustalenia kolejnych kroków. Z poważaniem, Maria InfoBridge",4,3,B2,Polish
609,Γράψτε ένα email σε προμηθευτή ζητώντας προσφορά για χύμα υλικά.,"Αξιότιμε Σοφία Αλεξίου,

Λαμβάνοντας υπόψη τις πρόσφατες εξελίξεις σχετικά με την κυκλοφορία προϊόντος, κρίνω απαραίτητο να σας παρουσιάσω μια εκτενή ανάλυση της τρέχουσας κατάστασης και των πιθανών ενεργειών που μπορούμε να αναλάβουμε ως οργανισμός.

Από την ανάλυση των δεδομένων προκύπτει ότι τα αποτελέσματα του προηγούμενου τριμήνου ξεπέρασαν τις προσδοκίες, με αύξηση 15% στην παραγωγικότητα σε σύγκριση με την αντίστοιχη περίοδο του προηγούμενου έτους.

Ωστόσο, υπάρχουν ορισμένα σημεία που χρήζουν περαιτέρω εξέτασης. Πρώτον, η επεκτασιμότητα της τρέχουσας υποδομής ενδέχεται να αποτελέσει σημείο συμφόρησης.

Με εκτίμηση,
Σοφία
DigiWave",4,4,C1,Greek
235,Schrijf een e-mail om uw excuses aan te bieden voor het missen van een geplande vergadering.,"Hallo team, schrijf Ik de over training. We moeten vergaderen volgende week om dit te bespreken. Graag uw beschikbaarheid doorgeven. Bedankt, Tom",2,2,A2,Dutch
351,Scrivi un'email richiedendo un rimborso per un prodotto difettoso.,"Genttile Sara Greco, Le scrivo in merito a il lancio del prodotto. Dopo aver esaminato la situazione, ritengo che dobbiamo prendere provvedimenti. Sarebbe opportuno se potessimo discuterne la prossima settimana. Può farmi sapere quando è disponibile per un brreve incontro? Propongo martedì o mercoledì, ma sono flessibile. Cordiali saluti, Sara InfoBridge",3,3,B1,Italian
786,Scrivi un'email con un aggiornamento sullo stato del progetto per la revisione trimestrale.,"Egregio Davide Gallo,

Ho il piacere di presentarle una valutazione esaustiva di il progetto, nella quale non mi limito a contestualizzare i risultati raggiunti, ma illumino altresì le implicazioni strategiche che potrebbero rivelarsi determinanti per il nostro futuro orientamento.

I risultati del periodo trascorso testimoniano un progresso notevole su molteplici fronti. L'efficienza operativa è aumentata del 23%, il che è riconducibile non soltanto all'ottimizzazione dei processi lavorativi, ma anche all'atteggiamento proattivo del nostro team nell'identificare ed eliminare le inefficienze.

Sarebbe per me un onore poter approfondire questi risultati nel corso del nostro prossimo incontro.

Distinti saluti,
Davide
CyberLink",4,4,C2,Italian
258,Napisz e-mail do klienta w odpowiedzi na skargę dotyczącą opóźnionej dostawy.,"Drogi Piotr Wiśniewski, Piszę do Pana, ponieważ potrzebuję pomocy z biuro. To jest ważny problem i mam nadzieję, że mi może Pan pomóc. na Czekam odpowiedź. Z poważaniem, Piotr",2,1,A2,Polish
757,Schrijf een e-mail aan uw manager met het verzoek om verlof voor volgende week.,"Geachte Anna van der Berg,

Met genoegen presenteer ik u hierbij een uitvoerige evaluatie van het budget, waarbij ik niet alleen de bereikte resultaten in perspectief plaats, maar tevens de strategische implicaties belicht die van doorslaggevend belang kunnen zijn voor onze toekomstige koers.

De resultaten van de afgelopen periode getuigen van een opmerkelijke vooruitgang op meerdere fronten. De operationele efficiëntie is met 23% toegenomen, hetgeen niet alleen te danken is aan de geoptimaliseerde werkprocessen, maar ook aan de proactieve houding van ons team bij het identificeren en elimineren van inefficiënties.

Wat betreft de technologische infrastructuur hebben wij een solide fundament gelegd waarop toekomstige innovaties kunnen worden gebouwd. De architectuur is zodanig ontworpen dat deze schaalbaar en toekomstbestendig is, waardoor wij flexibel kunnen inspelen op veranderende marktomstandigheden.

Ik nodig u van harte uit om deze bevindingen tijdens ons aanstaande overleg nader te bespreken, zodat wij gezamenlijk de meest optimale strategie kunnen formuleren.

Hoogachtend,
Anna
DigiWave",4,4,C2,Dutch
301,Schrijf een e-mail met feedback over een recente trainingsessie.,"Beste Kees Bakker, Ik schrijf u met betrekking tot de marketingcampagne. Na het bekijken van de situatie, denk ik dat we actie moeten ondernemen. Het zou goed zijn als we dit volgende week kunnen bespreken. Kunt u mij laten wetten wanneer u beschikbaar bent voor een kort overlleg? Ik stel voor dinsdag of woensdag, maar ik ben flexibel. Met vriendelijke groet, Kees FlexiTech",3,2,B1,Dutch
503,Scrivi un'email scusandoti per aver perso una riunione programmata.,"Gentile Giulia Bianchi, In seguito alla nostra recente conversazione riguardo a il fornitore, desidero fornirle un aggiornamento dettagliato sullo stato attuale della situazione. Abbiamo compiuto progressi significativi nell'ambito dell'implementazione. Il team ha completato con successo la prima fase e siamo attualmente impegnati nella seconda. Si sono verificati alcuni problemi minori, che sono stati nel frattempo risolti. Propongo di programmare un incontro la prossima settimana per discutere i risultaati e definire i prossimi passi. Cordiali saluti, Giulia CloudMax",3,3,B2,Italian
858,Napisz e-mail do kierownika o zmianie harmonogramu projektu.,"Szanowny Panie Krzysztof Woźniak,

Z przyjemnością przedstawiam Panu kompleksową ocenę wprowadzenie produktu, w której nie ograniczam się jedynie do kontekstualizacji osiągniętych wyników, lecz jednocześnie rzucam światło na implikacje strategiczne, które mogą okazać się decydujące dla naszego przyszłego kierunku rozwoju.

Wyniki minionego okresu stanowią świadectwo godnego uwagi postępu na wielu frontach. Efektywność operacyjna wzrosła o 23%, co jest wynikiem nie tylko optymalizacji procesów roboczych, ale również proaktywnej postawy naszego zespołu w identyfikowaniu i eliminowaniu nieefektywności.

Byłoby mi niezmiernie miło móc omówić te ustalenia podczas naszego najbliższego spotkania.

Z wyrazami najwyższego szacunku,
Krzysztof
TechNova",5,3,C2,Polish
295,Γράψτε ένα email παρακολούθησης μετά από προηγούμενη συνέντευξη εργασίας.,"Αγαπητέ Γιώργος Παπαδόπουλος, Σας γράφω γιατί χρειάζομαι βοήθεια την με εκστρατεία μάρκετινγκ. Είναι σημαντικό πρόβλημα και να ελπίζω μπορείτε να με βοηθήσετε. Περιμένω την απάντησή σας. Με εκτίμηση, Γιώργος",3,3,A2,Greek
612,Escreva um email para um cliente em resposta à reclamação sobre uma entrega atrasada.,"Estimado Sofia Rodrigues,

À luz dos recentes desenvolvimentos relativos a o projeto, considero necessário apresentar-lhe uma análise abrangente da situação atual e das possíveis ações que a nossa organização pode empreender.

Da análise dos dados resulta que os resultados do último trimestre superaram as expectativas, registando um aumento de 15% na produtividade em comparação com o mesmo período do ano anterior. Isto deve-se em grande parte à implementação bem-sucedida do novo sistema e à dedicação de toda a equipa.

Contudo, existem alguns aspetos que merecem uma análise mais aprofundada, incluindo a escalabilidade da infraestrutura atual.

Com os melhores cumprimentos,
Sofia
OptiSoft",5,4,C1,Portuguese
82,Napisz e-mail do kierownika z prośbą o urlop na następny tydzień.,"Witam, Jestem Jestem nowy. Chcę projekt. wiem co Piotr",1,2,A1,Polish
845,Escreva um email de boas-vindas para um novo funcionário que se junta à sua equipa.,"Estimado Miguel Pereira,

Tenho o prazer de lhe apresentar uma avaliação exaustiva de o problema de qualidade, na qual não me circunscrevo apenas à contextualização dos resultados alcançados, mas ilumino igualmente as implicações estratégicas que poderão revelar-se determinantes para a nossa orientação futura.

Os resultados do período transato constituem testemunho de um progresso notável em múltiplas frentes. A eficiência operacional registou um incremento de 23%, o que se deve não apenas à otimização dos processos de trabalho, mas também à postura proativa da nossa equipa na identificação e eliminação de ineficiências.

Seria para mim uma honra poder aprofundar estas conclusões durante o nosso próximo encontro.

Com os mais elevados cumprimentos,
Miguel
OptiSoft",5,4,C2,Portuguese
341,Escreva um email ao seu gestor solicitando licença para a próxima semana.,"Caro Maria Santos, Estou a escrever-lhe a respeito de o novo software. Após analisar a situação, acredito que devemos tomar medidas. Seria bom se pudéssemos discutir isto na próxima semana. Pode informar-me quando está disponível para uma brevve reunião? Sugiro terça ou quarta-feira, mas sou flexível. Com os melhores cumprimentos, Maria DigiWave",3,1,B1,Portuguese
764,Scrivi un'email al tuo team richiedendo una riunione martedì prossimo per discutere i progressi del progetto.,"Egregio Elena Ricci,

Ho il piacere di presentarle una valutazione esaustiva di la campagna di marketing, nella quale non mi limito a contestualizzare i risultati raggiunti, ma illumino altresì le implicazioni strategiche che potrebbero rivelarsi determinanti per il nostro futuro orientamento.

I risultati del periodo trascorso testimoniano un progresso notevole su molteplici fronti. L'efficienza operativa è aumentata del 23%, il che è riconducibile non soltanto all'ottimizzazione dei processi lavorativi, ma anche all'atteggiamento proattivo del nostro team nell'identificare ed eliminare le inefficienze.

Sarebbe per me un onore poter approfondire questi risultati nel corso del nostro prossimo incontro.

Distinti saluti,
Elena
DigiWave",5,3,C2,Italian
644,Escreva um email de anúncio de RH sobre o dia desportivo anual da empresa.,"Estimado Carlos Oliveira,

À luz dos recentes desenvolvimentos relativos a o orçamento, considero necessário apresentar-lhe uma análise abrangente da situação atual e das possíveis ações que a nossa organização pode empreender.

Da análise dos dados resulta que os resultados do último trimestre superaram as expectativas, registando um aumento de 15% na produtividade em comparação com o mesmo período do ano anterior. Isto deve-se em grande parte à implementação bem-sucedida do novo sistema e à dedicação de toda a equipa.

Contudo, existem alguns aspetos que merecem uma análise mais aprofundada, incluindo a escalabilidade da infraestrutura atual.

Com os melhores cumprimentos,
Carlos
TechNova",4,3,C1,Portuguese
222,Scrivi un'email di benvenuto per un nuovo dipendente che si unisce al tuo team.,"colleghi, Ciao Voglio informarvi la su politica del personale. È importante che tutti lo sappiano. Se avete domande, fatemi sapere. Grazie, Marco",3,1,A2,Italian
159,Γράψτε ένα email στον διευθυντή σας σχετικά με αλλαγή στο χρονοδιάγραμμα του έργου.,"Γεια σας συνάδελφοι, Θέλω σας να ενημερώσω για την εκπαίδευση. Είναι σημαντικό να το ξέρουν όλοι. Αν ερωτήσεις, έχετε ενημερώστε με. Ευχαριστώ, Πέτρος",2,2,A2,Greek
686,Γράψτε ένα email στον διευθυντή σας σχετικά με αλλαγή στο χρονοδιάγραμμα του έργου.,"Αξιότιμε Γιώργος Παπαδόπουλος,

Λαμβάνοντας υπόψη τις πρόσφατες εξελίξεις σχετικά με τον προμηθευτή, κρίνω απαραίτητο να σας παρουσιάσω μια εκτενή ανάλυση της τρέχουσας κατάστασης και των πιθανών ενεργειών που μπορούμε να αναλάβουμε ως οργανισμός.

Από την ανάλυση των δεδομένων προκύπτει ότι τα αποτελέσματα του προηγούμενου τριμήνου ξεπέρασαν τις προσδοκίες, με αύξηση 15% στην παραγωγικότητα σε σύγκριση με την αντίστοιχη περίοδο του προηγούμενου έτους.

Ωστόσο, υπάρχουν ορισμένα σημεία που χρήζουν περαιτέρω εξέτασης. Πρώτον, η επεκτασιμότητα της τρέχουσας υποδομής ενδέχεται να αποτελέσει σημείο συμφόρησης.

Με εκτίμηση,
Γιώργος
DataSphere",5,3,C1,Greek
446,Γράψτε ένα email στην ομάδα σας ζητώντας μια συνάντηση την επόμενη Τρίτη για να συζητήσετε την πρόοδο του έργου.,"Αγαπητέ Πέτρος Ιωάννου, Σας γράφω σχετικά με τον προϋπολογισμό. Μετά την εξέταση της κατάστασης, πιστεύω ότι πρέπει να αναλάβουμε δράση. Θα ήταν καλό αν μπορούσαμε να το συζητήσουμε την επόμενη εβδομάδα. Μπορείτε να μου πείτε πότε είστε διαθέσιμος για μια σύντομη συνάντηση; Προτείνω Τρίτη ή Τετάρτη, αλλά είμαι ευέλικτος. Με εκτίμηηση, Πέτρος NetPro",3,2,B1,Greek
701,Escreva um email solicitando um reembolso por um produto com defeito.,"Estimado Pedro Costa,

À luz dos recentes desenvolvimentos relativos a a fatura, considero necessário apresentar-lhe uma análise abrangente da situação atual e das possíveis ações que a nossa organização pode empreender.

Da análise dos dados resulta que os resultados do último trimestre superaram as expectativas, registando um aumento de 15% na produtividade em comparação com o mesmo período do ano anterior. Isto deve-se em grande parte à implementação bem-sucedida do novo sistema e à dedicação de toda a equipa.

Contudo, existem alguns aspetos que merecem uma análise mais aprofundada, incluindo a escalabilidade da infraestrutura atual.

Com os melhores cumprimentos,
Pedro
DataSphere",4,4,C1,Portuguese
898,Schrijf een HR-aankondigingsmail over de jaarlijkse sportdag van het bedrijf.,"Geachte Kees Bakker,

Met genoegen presenteer ik u hierbij een uitvoerige evaluatie van het kantoor, waarbij ik niet alleen de bereikte resultaten in perspectief plaats, maar tevens de strategische implicaties belicht die van doorslaggevend belang kunnen zijn voor onze toekomstige koers.

De resultaten van de afgelopen periode getuigen van een opmerkelijke vooruitgang op meerdere fronten. De operationele efficiëntie is met 23% toegenomen, hetgeen niet alleen te danken is aan de geoptimaliseerde werkprocessen, maar ook aan de proactieve houding van ons team bij het identificeren en elimineren van inefficiënties.

Wat betreft de technologische infrastructuur hebben wij een solide fundament gelegd waarop toekomstige innovaties kunnen worden gebouwd. De architectuur is zodanig ontworpen dat deze schaalbaar en toekomstbestendig is, waardoor wij flexibel kunnen inspelen op veranderende marktomstandigheden.

Ik nodig u van harte uit om deze bevindingen tijdens ons aanstaande overleg nader te bespreken, zodat wij gezamenlijk de meest optimale strategie kunnen formuleren.

Hoogachtend,
Kees
DigiWave",5,4,C2,Dutch
444,Γράψτε ένα email ευχαριστώντας έναν πελάτη για τη συνεχή συνεργασία.,"Αγαπητέ Νίκος Δημητρίου, Σας γράφω σχχετικά με τα τεχνικά προβλήματα. Μετά την εξέταση της κατάστασης, πιστεύω ότι πρέπει να αναλάβουμε δράση. Θα ήταν καλό αν μπορούσαμε να το συζητήσουμε την επόμενη εβδομάδα. Μπορείτε να μου πείτε πότε είστε διαθέσιμος για μια σύντομη συνάντηση; Προτείνω Τρίτη ή Τετάρτη, αλλά είμαι ευέλικτος. Με εκτίμηση, Νίκος CyberLink",3,3,B1,Greek
543,Schrijf een e-mail als vervolg op een eerder sollicitatiegesprek.,"Beste collega's, Hierbij nodig ik u uit voor onze kwartaalvergadering over de nieuwe software. De vergadering zal plaatsvinden op donderdag 15 maart om 14:00 uur in vergaderzaal 3. De agenda omvat de volgende punten: 1. Projectvoortgang en mijlpalen 2. Budgetoverzicht en financiële prognose 3. Teamuitbreiding en nieuwe aanwervingen 4. Eventuele vragen en overige punten Gelieve uw beschikbaarheid te bevestigen voor woensdag 12 maart. Indien u niet aanwezig kunt zijn, kunt u uw input vooraf per e-mail delen. Met vriendelijke groet, Kees",3,3,B2,Dutch
513,Schrijf een welkomst-e-mail voor een nieuwe medewerker die bij uw team komt.,"Beste collega's, Hierbij nodig ik u uit voor onze kwartaalvergadering over het personeelsbeleid. De vergadering zal plaatsvinden op donderdag 15 maart om 14:00 uur in vergaderzaal 3. De agenda omvat de volgende punten: 1. Projectvoortgang en mijlpalen 2. Budgetoverzicht en financiële prognose 3. Teamuitbreiding en nieuwe aanwervingen 4. Eventuele vragen en overige punten Gelieve uw beschikbaarheid te bevestigen voor woensdag 12 maart. Indien u niet aanwezig kunt zijn, kunt u uw input vooraf per e-mail delen. Met vriendelijke groet, Tom",5,3,B2,Dutch
779,Napisz e-mail z ogłoszeniem HR o corocznym dniu sportu w firmie.,"Szanowny Panie Magdalena Dąbrowska,

Z przyjemnością przedstawiam Panu kompleksową ocenę opóźnienie, w której nie ograniczam się jedynie do kontekstualizacji osiągniętych wyników, lecz jednocześnie rzucam światło na implikacje strategiczne, które mogą okazać się decydujące dla naszego przyszłego kierunku rozwoju.

Wyniki minionego okresu stanowią świadectwo godnego uwagi postępu na wielu frontach. Efektywność operacyjna wzrosła o 23%, co jest wynikiem nie tylko optymalizacji procesów roboczych, ale również proaktywnej postawy naszego zespołu w identyfikowaniu i eliminowaniu nieefektywności.

Byłoby mi niezmiernie miło móc omówić te ustalenia podczas naszego najbliższego spotkania.

Z wyrazami najwyższego szacunku,
Magdalena
NetPro",4,4,C2,Polish
833,Γράψτε ένα email παρακολούθησης μετά από προηγούμενη συνέντευξη εργασίας.,"Αξιότιμε Νίκος Δημητρίου,

Με ιδιαίτερη ικανοποίηση σας παρουσιάζω μια εμπεριστατωμένη αξιολόγηση του το γραφείο, στην οποία δεν περιορίζομαι μόνο στην ανάδειξη των επιτευγμάτων μας, αλλά φωτίζω ταυτόχρονα τις στρατηγικές προεκτάσεις που δύνανται να καθορίσουν την μελλοντική μας πορεία.

Τα αποτελέσματα της παρελθούσας περιόδου αποτελούν τεκμήριο αξιοσημείωτης προόδου σε πολλαπλά μέτωπα. Η λειτουργική αποδοτικότητα αυξήθηκε κατά 23%, γεγονός που οφείλεται τόσο στη βελτιστοποίηση των εργασιακών διαδικασιών όσο και στην προδραστική στάση της ομάδας μας.

Θα ήταν τιμή μου να συζητήσουμε αυτά τα ευρήματα κατά τη διάρκεια της επερχόμενης συνάντησής μας.

Με τιμή,
Νίκος
DigiWave",4,4,C2,Greek
490,Γράψτε ένα email ανακοινώνοντας νέα εταιρική πολιτική για τηλεργασία.,"Αγαπητέ Ελένη Κωνσταντίνου, Σε συνέχεια της πρόσφατης συζήτησής μας σχετικά με το έργο, θα ήθελα να σας ενημερώσω λεπτομερώς για την τρέχουσα κατάσταση. Έχουμε σημειώσει σημαντική πρόοδο στον τομέα της υλοποίησης. Η ομάδα ολοκλήρωσε επιτυχώς το πρώτο στάδιο και βρισκόμαστε τώρα στο δεύτερο. Αντιμετωπίσαμε ορισμένα μικρά προβλήματα, τα οποία έχουν πλέον επιλυθεί. Προτείνω να προγραμματίσουμε μια συνάντηση την επόμενη εβδομάδα για να συζητήσουμε τα αποτελέσματα. Με εκτίμηση, Ελένη TechNova",4,4,B2,Greek
875,Scrivi un'email di annuncio HR sulla giornata sportiva annuale dell'azienda.,"Egregio Andrea Colombo,

Ho il piacere di presentarle una valutazione esaustiva di l'ufficio, nella quale non mi limito a contestualizzare i risultati raggiunti, ma illumino altresì le implicazioni strategiche che potrebbero rivelarsi determinanti per il nostro futuro orientamento.

I risultati del periodo trascorso testimoniano un progresso notevole su molteplici fronti. L'efficienza operativa è aumentata del 23%, il che è riconducibile non soltanto all'ottimizzazione dei processi lavorativi, ma anche all'atteggiamento proattivo del nostro team nell'identificare ed eliminare le inefficienze.

Sarebbe per me un onore poter approfondire questi risultati nel corso del nostro prossimo incontro.

Distinti saluti,
Andrea
DataSphere",5,4,C2,Italian
133,Escreva um email agradecendo a um cliente pela sua contínua colaboração.,Olá Sofia Eu Eu sou Sofia. quero o novo software.,2,2,A1,Portuguese
751,Γράψτε ένα email δίνοντας σχόλια για μια πρόσφατη εκπαιδευτική συνεδρία.,"Αξιότιμε Γιώργος Παπαδόπουλος,

Με ιδιαίτερη ικανοποίηση σας παρουσιάζω μια εμπεριστατωμένη αξιολόγηση του την εκστρατεία μάρκετινγκ, στην οποία δεν περιορίζομαι μόνο στην ανάδειξη των επιτευγμάτων μας, αλλά φωτίζω ταυτόχρονα τις στρατηγικές προεκτάσεις που δύνανται να καθορίσουν την μελλοντική μας πορεία.

Τα αποτελέσματα της παρελθούσας περιόδου αποτελούν τεκμήριο αξιοσημείωτης προόδου σε πολλαπλά μέτωπα. Η λειτουργική αποδοτικότητα αυξήθηκε κατά 23%, γεγονός που οφείλεται τόσο στη βελτιστοποίηση των εργασιακών διαδικασιών όσο και στην προδραστική στάση της ομάδας μας.

Θα ήταν τιμή μου να συζητήσουμε αυτά τα ευρήματα κατά τη διάρκεια της επερχόμενης συνάντησής μας.

Με τιμή,
Γιώργος
CloudMax",5,4,C2,Greek
679,Γράψτε ένα email στο τμήμα προμηθειών ζητώντας νέες οθόνες γραφείου.,"Αξιότιμε Κατερίνα Χρήστου,

Λαμβάνοντας υπόψη τις πρόσφατες εξελίξεις σχετικά με τη συνάντηση, κρίνω απαραίτητο να σας παρουσιάσω μια εκτενή ανάλυση της τρέχουσας κατάστασης και των πιθανών ενεργειών που μπορούμε να αναλάβουμε ως οργανισμός.

Από την ανάλυση των δεδομένων προκύπτει ότι τα αποτελέσματα του προηγούμενου τριμήνου ξεπέρασαν τις προσδοκίες, με αύξηση 15% στην παραγωγικότητα σε σύγκριση με την αντίστοιχη περίοδο του προηγούμενου έτους.

Ωστόσο, υπάρχουν ορισμένα σημεία που χρήζουν περαιτέρω εξέτασης. Πρώτον, η επεκτασιμότητα της τρέχουσας υποδομής ενδέχεται να αποτελέσει σημείο συμφόρησης.

Με εκτίμηση,
Κατερίνα
InfoBridge",4,4,C1,Greek
562,Escreva um email a um fornecedor solicitando um orçamento para materiais a granel.,"Caro Ana Ferreira, Na sequência da nossa recente conversa sobre a política de pessoal, gostaria de lhe fornecer uma atualização detalhada sobre a situação atual. Fizemos progressos significativos na área da implementação. A equipa concluiu com sucesso a primeira fase e estamos agora a trabalhar na segunda. Surgiram alguns problemas menores, que já foram resolvidos. Proponho que agendemos uma reunião para a próxima semana para discutir os resultados e definir os próximos passos. Com os melhores cumprimentos, Ana SmartCore",4,3,B2,Portuguese
421,Γράψτε ένα email στο τμήμα προμηθειών ζητώντας νέες οθόνες γραφείου.,"Αγαπητέ Νίκος Δημητρίου, Σας γράφω σχετικά με τον προϋπολογισμό. Μετά την εξέταση της κατάστασης, πιστεύω ότι πρέπει να αναλάβουμε δράση. Θα ήταν καλό αν μπορούσαμε να το συζητήσουμε την επόμενη εβδομάδα. Μπορείτε να μου πείτε πότε είστε διαθέσιμος για μια σύύντομη συνάντηση; Προτείνω Τρίτη ή Τετάρτη, αλλλά είμαι ευέλικτος. Με εκτίμηση, Νίκος OptiSoft",3,2,B1,Greek
335,Napisz e-mail z przeprosinami za nieobecność na zaplanowanym spotkaniu.,"Szanowny Piotr Wiśniewski, Piszę do Pana w sprawie problemy techniczne. Po prrzeanalizowaniu sytuacji uważam, że powinniśmy podjąć działania. Byłoby dobrze, gdybyśmy mogli to omówiić w przyszłym tygodniu. Czy może Pan poinformować mnie, kiedy jest dostępny na krótkie spotkanie? Proponuję wtorek lub środę, ale jestem elastyczny. Z poważaniem, Piotr SmartCore",4,2,B1,Polish
741,Schrijf een e-mail om een klant te bedanken voor hun voortdurende samenwerking.,"Geachte Bram Mulder,

Naar aanleiding van de recente ontwikkelingen rondom de nieuwe software, acht ik het noodzakelijk om u een uitgebreide analyse te presenteren van de huidige situatie en de mogelijke stappen die wij als organisatie kunnen ondernemen.

Uit de data-analyse blijkt dat de resultaten van het afgelopen kwartaal de verwachtingen hebben overtroffen, met een stijging van 15% in productiviteit ten opzichte van dezelfde periode vorig jaar. Dit is grotendeels te danken aan de succesvolle implementatie van het nieuwe systeem en de toewijding van het gehele team.

Desalniettemin zijn er enkele aandachtspunten die nadere beschouwing verdienen. Ten eerste, de schaalbaarheid van de huidige infrastructuur kan een knelpunt vormen bij verdere groei. Ten tweede, de integratie met externe systemen verloopt trager dan oorspronkelijk gepland.

Ik zou willen voorstellen dat wij een strategische sessie organiseren om deze punten te bespreken en een concreet actieplan op te stellen.

Met vriendelijke groet,
Bram
SmartCore",4,4,C1,Dutch
12,Γράψτε ένα email με ενημέρωση κατάστασης έργου για την τριμηνιαία ανασκόπηση.,"Γεια σας, νέος νέος εδώ. το τιμολόγιο. Δεν ξέρω τι να κάνω. Δημήτρης",1,0,A1,Greek
853,Scrivi un'email al tuo team richiedendo una riunione martedì prossimo per discutere i progressi del progetto.,"Egregio Luca Ferrari,

Ho il piacere di presentarle una valutazione esaustiva di l'ufficio, nella quale non mi limito a contestualizzare i risultati raggiunti, ma illumino altresì le implicazioni strategiche che potrebbero rivelarsi determinanti per il nostro futuro orientamento.

I risultati del periodo trascorso testimoniano un progresso notevole su molteplici fronti. L'efficienza operativa è aumentata del 23%, il che è riconducibile non soltanto all'ottimizzazione dei processi lavorativi, ma anche all'atteggiamento proattivo del nostro team nell'identificare ed eliminare le inefficienze.

Sarebbe per me un onore poter approfondire questi risultati nel corso del nostro prossimo incontro.

Distinti saluti,
Luca
FlexiTech",5,4,C2,Italian
846,Schrijf een e-mail als vervolg op een eerder sollicitatiegesprek.,"Geachte Eva Meijer,

Met genoegen presenteer ik u hierbij een uitvoerige evaluatie van de nieuwe software, waarbij ik niet alleen de bereikte resultaten in perspectief plaats, maar tevens de strategische implicaties belicht die van doorslaggevend belang kunnen zijn voor onze toekomstige koers.

De resultaten van de afgelopen periode getuigen van een opmerkelijke vooruitgang op meerdere fronten. De operationele efficiëntie is met 23% toegenomen, hetgeen niet alleen te danken is aan de geoptimaliseerde werkprocessen, maar ook aan de proactieve houding van ons team bij het identificeren en elimineren van inefficiënties.

Wat betreft de technologische infrastructuur hebben wij een solide fundament gelegd waarop toekomstige innovaties kunnen worden gebouwd. De architectuur is zodanig ontworpen dat deze schaalbaar en toekomstbestendig is, waardoor wij flexibel kunnen inspelen op veranderende marktomstandigheden.

Ik nodig u van harte uit om deze bevindingen tijdens ons aanstaande overleg nader te bespreken, zodat wij gezamenlijk de meest optimale strategie kunnen formuleren.

Hoogachtend,
Eva
DataSphere",5,4,C2,Dutch
813,Γράψτε ένα email προτείνοντας μια νέα ιδέα για εκστρατεία μάρκετινγκ.,"Αξιότιμε Νίκος Δημητρίου,

Με ιδιαίτερη ικανοποίηση σας παρουσιάζω μια εμπεριστατωμένη αξιολόγηση του τη συνάντηση, στην οποία δεν περιορίζομαι μόνο στην ανάδειξη των επιτευγμάτων μας, αλλά φωτίζω ταυτόχρονα τις στρατηγικές προεκτάσεις που δύνανται να καθορίσουν την μελλοντική μας πορεία.

Τα αποτελέσματα της παρελθούσας περιόδου αποτελούν τεκμήριο αξιοσημείωτης προόδου σε πολλαπλά μέτωπα. Η λειτουργική αποδοτικότητα αυξήθηκε κατά 23%, γεγονός που οφείλεται τόσο στη βελτιστοποίηση των εργασιακών διαδικασιών όσο και στην προδραστική στάση της ομάδας μας.

Θα ήταν τιμή μου να συζητήσουμε αυτά τα ευρήματα κατά τη διάρκεια της επερχόμενης συνάντησής μας.

Με τιμή,
Νίκος
CyberLink",5,4,C2,Greek
657,Γράψτε ένα email ανακοινώνοντας νέα εταιρική πολιτική για τηλεργασία.,"Αξιότιμε Κατερίνα Χρήστου,

Λαμβάνοντας υπόψη τις πρόσφατες εξελίξεις σχετικά με τα τεχνικά προβλήματα, κρίνω απαραίτητο να σας παρουσιάσω μια εκτενή ανάλυση της τρέχουσας κατάστασης και των πιθανών ενεργειών που μπορούμε να αναλάβουμε ως οργανισμός.

Από την ανάλυση των δεδομένων προκύπτει ότι τα αποτελέσματα του προηγούμενου τριμήνου ξεπέρασαν τις προσδοκίες, με αύξηση 15% στην παραγωγικότητα σε σύγκριση με την αντίστοιχη περίοδο του προηγούμενου έτους.

Ωστόσο, υπάρχουν ορισμένα σημεία που χρήζουν περαιτέρω εξέτασης. Πρώτον, η επεκτασιμότητα της τρέχουσας υποδομής ενδέχεται να αποτελέσει σημείο συμφόρησης.

Με εκτίμηση,
Κατερίνα
InfoBridge",4,4,C1,Greek
854,Scrivi un'email invitando i colleghi a un evento di networking.,"Egregio Marco Rossi,

Ho il piacere di presentarle una valutazione esaustiva di il fornitore, nella quale non mi limito a contestualizzare i risultati raggiunti, ma illumino altresì le implicazioni strategiche che potrebbero rivelarsi determinanti per il nostro futuro orientamento.

I risultati del periodo trascorso testimoniano un progresso notevole su molteplici fronti. L'efficienza operativa è aumentata del 23%, il che è riconducibile non soltanto all'ottimizzazione dei processi lavorativi, ma anche all'atteggiamento proattivo del nostro team nell'identificare ed eliminare le inefficienze.

Sarebbe per me un onore poter approfondire questi risultati nel corso del nostro prossimo incontro.

Distinti saluti,
Marco
DataSphere",4,4,C2,Italian
239,Napisz e-mail zgłaszający błąd oprogramowania do zespołu programistów.,"kolegów, Witam Chcę was poinformować o opóźnienie. To jest żeby ważne, wszyscy wiedzieli. Jeśli macie pytania, dajcie mi znać. Dziękuję, Katarzyna",3,2,A2,Polish
793,Scrivi un'email a un cliente in risposta al suo reclamo per una consegna in ritardo.,"Egregio Sara Greco,

Ho il piacere di presentarle una valutazione esaustiva di la fattura, nella quale non mi limito a contestualizzare i risultati raggiunti, ma illumino altresì le implicazioni strategiche che potrebbero rivelarsi determinanti per il nostro futuro orientamento.

I risultati del periodo trascorso testimoniano un progresso notevole su molteplici fronti. L'efficienza operativa è aumentata del 23%, il che è riconducibile non soltanto all'ottimizzazione dei processi lavorativi, ma anche all'atteggiamento proattivo del nostro team nell'identificare ed eliminare le inefficienze.

Sarebbe per me un onore poter approfondire questi risultati nel corso del nostro prossimo incontro.

Distinti saluti,
Sara
NetPro",5,4,C2,Italian
771,Scrivi un'email scusandoti per aver perso una riunione programmata.,"Egregio Elena Ricci,

Ho il piacere di presentarle una valutazione esaustiva di l'ufficio, nella quale non mi limito a contestualizzare i risultati raggiunti, ma illumino altresì le implicazioni strategiche che potrebbero rivelarsi determinanti per il nostro futuro orientamento.

I risultati del periodo trascorso testimoniano un progresso notevole su molteplici fronti. L'efficienza operativa è aumentata del 23%, il che è riconducibile non soltanto all'ottimizzazione dei processi lavorativi, ma anche all'atteggiamento proattivo del nostro team nell'identificare ed eliminare le inefficienze.

Sarebbe per me un onore poter approfondire questi risultati nel corso del nostro prossimo incontro.

Distinti saluti,
Elena
InfoBridge",4,4,C2,Italian
718,Γράψτε ένα email σε προμηθευτή ζητώντας προσφορά για χύμα υλικά.,"Αξιότιμε Πέτρος Ιωάννου,

Λαμβάνοντας υπόψη τις πρόσφατες εξελίξεις σχετικά με την καθυστέρηση, κρίνω απαραίτητο να σας παρουσιάσω μια εκτενή ανάλυση της τρέχουσας κατάστασης και των πιθανών ενεργειών που μπορούμε να αναλάβουμε ως οργανισμός.

Από την ανάλυση των δεδομένων προκύπτει ότι τα αποτελέσματα του προηγούμενου τριμήνου ξεπέρασαν τις προσδοκίες, με αύξηση 15% στην παραγωγικότητα σε σύγκριση με την αντίστοιχη περίοδο του προηγούμενου έτους.

Ωστόσο, υπάρχουν ορισμένα σημεία που χρήζουν περαιτέρω εξέτασης. Πρώτον, η επεκτασιμότητα της τρέχουσας υποδομής ενδέχεται να αποτελέσει σημείο συμφόρησης.

Με εκτίμηση,
Πέτρος
TechNova",4,4,C1,Greek
72,Napisz e-mail ogłaszający nową politykę firmy dotyczącą pracy zdalnej.,"Anna Nowak, Jestem Anna. Chcę Chcę wprowadzenie produktu. Dziękuję.",1,1,A1,Polish
866,Schrijf een HR-aankondigingsmail over de jaarlijkse sportdag van het bedrijf.,"Geachte Jan de Vries,

Met genoegen presenteer ik u hierbij een uitvoerige evaluatie van het kantoor, waarbij ik niet alleen de bereikte resultaten in perspectief plaats, maar tevens de strategische implicaties belicht die van doorslaggevend belang kunnen zijn voor onze toekomstige koers.

De resultaten van de afgelopen periode getuigen van een opmerkelijke vooruitgang op meerdere fronten. De operationele efficiëntie is met 23% toegenomen, hetgeen niet alleen te danken is aan de geoptimaliseerde werkprocessen, maar ook aan de proactieve houding van ons team bij het identificeren en elimineren van inefficiënties.

Wat betreft de technologische infrastructuur hebben wij een solide fundament gelegd waarop toekomstige innovaties kunnen worden gebouwd. De architectuur is zodanig ontworpen dat deze schaalbaar en toekomstbestendig is, waardoor wij flexibel kunnen inspelen op veranderende marktomstandigheden.

Ik nodig u van harte uit om deze bevindingen tijdens ons aanstaande overleg nader te bespreken, zodat wij gezamenlijk de meest optimale strategie kunnen formuleren.

Hoogachtend,
Jan
NetPro",5,4,C2,Dutch
192,Escreva um email solicitando um reembolso por um produto com defeito.,"Caro Pedro Estou Costa, a escrever porque preciso de ajuda com os problemas técnicos. É um problema importante e espero que me possa ajudar. Fico aguardar a a sua resposta. Com melhores os cumprimentos, Pedro",2,2,A2,Portuguese
28,Escreva um email de anúncio de RH sobre o dia desportivo anual da empresa.,"Caro Maria Santos, problema. Quero Quero ajuda com o serviço ao cliente. Pode ajudar? Atenciosamente",0,2,A1,Portuguese
707,Γράψτε ένα email ανακοίνωσης HR για την ετήσια αθλητική ημέρα της εταιρείας.,"Αξιότιμε Νίκος Δημητρίου,

Λαμβάνοντας υπόψη τις πρόσφατες εξελίξεις σχετικά με το έργο, κρίνω απαραίτητο να σας παρουσιάσω μια εκτενή ανάλυση της τρέχουσας κατάστασης και των πιθανών ενεργειών που μπορούμε να αναλάβουμε ως οργανισμός.

Από την ανάλυση των δεδομένων προκύπτει ότι τα αποτελέσματα του προηγούμενου τριμήνου ξεπέρασαν τις προσδοκίες, με αύξηση 15% στην παραγωγικότητα σε σύγκριση με την αντίστοιχη περίοδο του προηγούμενου έτους.

Ωστόσο, υπάρχουν ορισμένα σημεία που χρήζουν περαιτέρω εξέτασης. Πρώτον, η επεκτασιμότητα της τρέχουσας υποδομής ενδέχεται να αποτελέσει σημείο συμφόρησης.

Με εκτίμηση,
Νίκος
NetPro",5,3,C1,Greek
558,Scrivi un'email proponendo una nuova idea per una campagna di marketing.,"Gentile Luca Ferrari, In seguito alla nostra recente conversazione riguardo a la fattura, desidero fornirle un aggiornamento dettagliato sullo stato attuale della situazione. Abbiamo compiuto progressi significativi nell'ambito dell'implementazione. Il team ha completato con successo la prima fase e siamo attualmente impegnati nella seconda. Si sono verificati alcuni problemi minori, che sono stati nel frattempo risolti. Propongo di programmare un incontro la prossima settimana per discutere i risultati e definire i prossimi passi. Cordiali saluti, Luca FlexiTech",3,4,B2,Italian
182,Γράψτε ένα email σε προμηθευτή ζητώντας προσφορά για χύμα υλικά.,"Αγαπητέ Ελένη Κωνσταντίνου, Σας γιατί γράφω χρειάζομαι βοήθεια με τη συνάντηση. Είναι σημαντικό και πρόβλημα ελπίζω να μπορείτε να με βοηθήσετε. Περιμένω την απάντησή σας. Με εκτίμηση, Ελένη",1,3,A2,Greek
107,Schrijf een welkomst-e-mail voor een nieuwe medewerker die bij uw team komt.,"Hallo Anna van der Berg, Ik heb een vraag over vergadering. goed wat te te doen. Help mij alstublieft. Dank u",2,2,A1,Dutch
742,Scrivi un'email fornendo feedback su una recente sessione di formazione.,"Egregio Giulia Bianchi,

Alla luce dei recenti sviluppi inerenti a il budget, ritengo opportuno presentarle un'analisi approfondita della situazione corrente e delle possibili azioni che la nostra organizzazione potrebbe intraprendere.

Dall'analisi dei dati emerge che i risultati dell'ultimo trimestre hanno superato le aspettative, registrando un incremento del 15% nella produttività rispetto allo stesso periodo dell'anno precedente. Ciò è in gran parte attribuibile alla riuscita implementazione del nuovo sistema e alla dedizione dell'intero team.

Tuttavia, vi sono alcuni aspetti che meritano un'attenta valutazione, tra cui la scalabilità dell'infrastruttura attuale.

Cordiali saluti,
Giulia
OptiSoft",4,4,C1,Italian
96,Napisz e-mail do zespołu z prośbą o spotkanie w przyszły wtorek w celu omówienia postępów projektu.,"Drogi Nowak, Nowak, Mam Potrzebuję pomocy projekt. Czy możesz pomóc? Dziękuję.",2,0,A1,Polish
312,Napisz e-mail zgłaszający błąd oprogramowania do zespołu programistów.,"Szanowny Maggdalena Dąbrowska, Piszę do Pana w sprawie obsługę klienta. Po przeanalizowaniu sytuacji uważam, że powinniśmy podjąć działania. Byłoby dobrze, gdybyśmy mogli to omówić w przyszłym tygodniu. Czy może Pan poinformować mnie, kiedy jest dostępny na krótkie spotkanie? Proponuję wtorek lub środę, ale jestem elastyczny. Z poważaniem, Magdalena FlexiTech",3,3,B1,Polish
849,Napisz e-mail do kierownika z prośbą o urlop na następny tydzień.,"Szanowny Panie Piotr Wiśniewski,

Z przyjemnością przedstawiam Panu kompleksową ocenę dostawcę, w której nie ograniczam się jedynie do kontekstualizacji osiągniętych wyników, lecz jednocześnie rzucam światło na implikacje strategiczne, które mogą okazać się decydujące dla naszego przyszłego kierunku rozwoju.

Wyniki minionego okresu stanowią świadectwo godnego uwagi postępu na wielu frontach. Efektywność operacyjna wzrosła o 23%, co jest wynikiem nie tylko optymalizacji procesów roboczych, ale również proaktywnej postawy naszego zespołu w identyfikowaniu i eliminowaniu nieefektywności.

Byłoby mi niezmiernie miło móc omówić te ustalenia podczas naszego najbliższego spotkania.

Z wyrazami najwyższego szacunku,
Piotr
InfoBridge",4,3,C2,Polish
816,Escreva um email lembrando um cliente sobre um prazo de fatura próximo.,"Estimado Inês Almeida,

Tenho o prazer de lhe apresentar uma avaliação exaustiva de a reunião, na qual não me circunscrevo apenas à contextualização dos resultados alcançados, mas ilumino igualmente as implicações estratégicas que poderão revelar-se determinantes para a nossa orientação futura.

Os resultados do período transato constituem testemunho de um progresso notável em múltiplas frentes. A eficiência operacional registou um incremento de 23%, o que se deve não apenas à otimização dos processos de trabalho, mas também à postura proativa da nossa equipa na identificação e eliminação de ineficiências.

Seria para mim uma honra poder aprofundar estas conclusões durante o nosso próximo encontro.

Com os mais elevados cumprimentos,
Inês
DigiWave",4,3,C2,Portuguese
112,Escreva um email ao departamento de compras solicitando novos monitores de escritório.,"Olá, Sou novo aqui. Quero Quero o novo software. Não sei o Carlos",0,2,A1,Portuguese
487,Napisz e-mail z aktualizacją statusu projektu na przegląd kwartalny.,"Szanowny Agnieszka Szymańska, W nawiązaniu do naszej ostatniej rozmowy na temat dostawcę, chciałbym przedstawić Panu szczegółową aktualizację obecnego stanu rzeczy. Poczyniliśmy znaczące postępy w zakresie wdrożenia. Zespół pomyślnie zakończył pierwszy etap i obecnie jesteśmy w trakcie realizacji drugiego. Wystąpiło kilka drobnych problemów, które zostały już rozwiązane. Proponuję, abyśmy zaplanowali spotkanie w przyszłym tygodniu w celu omówienia wyników i ustalenia kolejnych kroków. Z poważaniem, Agnieszka DataSphere",3,1,B2,Polish
582,Napisz e-mail z opinią na temat ostatniej sesji szkoleniowej.,"Szanowny Krzysztof Woźniak, W nawiązaniu do naszej ostatniej rozmowy na temat kampanię marketingową, chciałbym przedstawić Panu szczegółową aktualizację obecnego stanu rzeczy. Poczyniliśmy znaczące postępy w zakresie wdrożenia. Zespół pomyślnie zakończył pierwszy etap i obecnie jesteśmy w trakcie realizacji drugiego. Wystąpiło kilka drobnych problemów, które zostały już rozwiązane. Proponuję, abyśmy zaplanowali spotkanie w przyszłym tygodniu w celu omówienia wyników i ustalenia kolejnych kroków. Z poważaniem, Krzysztof DataSphere",4,2,B2,Polish
396,Γράψτε ένα email προσκαλώντας συναδέλφους σε εκδήλωση δικτύωσης.,"Αγαπητέ Ελένη Κωνσταντίνου, Σας γράφω σχετικά με το έργο. Μετά την εξέταση της κατάστασης, πιστεύω ότι πρέπει να αναλάβουμε δράση. Θα ήταν καλό αν μπορούσαμε να το συζητήσουμε την επόμενη εβδομάδα. Μπορείτε να μου πείτε πότε είστε διαθέσιμος για μια σύντομη συνάντηση; Προτείνω Τρίτη ή Τετάρτη, αλλά είμαι ευέλικτος. Με εκτίμηση, Ελένη OpptiSoft",4,3,B1,Greek
548,Scrivi un'email al tuo team richiedendo una riunione martedì prossimo per discutere i progressi del progetto.,"Gentile Luca Ferrari, In seguito alla nostra recente conversazione riguardo a il nuovo software, desidero fornirle un aggiornamento dettagliato sullo stato attuale della situazione. Abbiamo compiuto progressi significativi nell'ambito dell'implementazione. Il team ha completato con successo la prima fase e siamo attualmente impegnati nella seconda. Si sono verificati alcuni problemi minori, che sono stati nel frattempo risolti. Propongo di programmare un incontro la prossima settimana per discutere i risultati e definire i prossimi passi. Cordiali saluti, Luca InfoBridge",3,4,B2,Italian
66,Schrijf een e-mail aan IT-ondersteuning over een probleem met de software-installatie.,"Hallo, Ik ben nieuw hier. Ik graag de vertraging. Dank Dank u Maria",0,2,A1,Dutch
554,Γράψτε ένα email στην ομάδα σας ζητώντας μια συνάντηση την επόμενη Τρίτη για να συζητήσετε την πρόοδο του έργου.,"Αγαπητέ Σοφία Αλεξίου, Σε συνέχεια της πρόσφατης συζήτησής μας σχετικά με την εκπαίδευση, θα ήθελα να σας ενημερώσω λεπτομερώς για την τρέχουσα κατάσταση. Έχουμε σημειώσει σημαντική πρόοδο στον τομέα της υλοποίησης. Η ομάδα ολοκλήρωσε επιτυχώς το πρώτο στάδιο και βρισκόμαστε τώρα στο δεύτερο. Αντιμετωπίσαμε ορισμένα μικρά προβλήματα, τα οποία έχουν πλέον επιλυθεί. Προτείνω να προγραμματίσουμε μια συνάντηση την επόμενη εβδομάδα για να συζητήσουμε τα αποτελέσματα. Με εκτίμηση, Σοφία FlexiTech",3,3,B2,Greek
210,Scrivi un'email a un cliente in risposta al suo reclamo per una consegna in ritardo.,"Gentile Marco Rossi, Le scrivo perché di ho bisogno aiuto con la fattura. È un problema importante e spero che possa aiutarmi. Aspetto la sua risposta. Cordiali saluti, Marco",2,1,A2,Italian
391,Escreva um email ao seu gestor sobre uma alteração no cronograma do projeto.,"Caro Miguel Pereira, Estou a escrever-lhe a respeito de o serviço ao cliente. Após analisar a situação, acredito que devemos tomar medidas. Seria bom se pudéssemos discutir isto na próxima semana. Pode informar-me quando está disponível para uma breve reunião? Sugiro terça ou quarta-feira, mas sou flexível. Com os melhores cumprimentos, Migguel SmartCore",4,3,B1,Portuguese
401,Schrijf een e-mail aan het inkoopteam met het verzoek om nieuwe kantoormonitoren.,"Bestte Pieter Jansen, Ik schrijf u met betrekking tot het personeelsbeleid. Na het bekijken van de situatie, denk ik dat we acctie moeten ondernemen. Het zou goed zijn als we dit volgende week kunnen bespreken. Kunt u mij laten weten wanneer u beschikbaar bent voor een kort overleg? Ik stel voor dinsdag of woensdag, maar ik ben flexibel. Met vriendelijke groet, Pieter FlexiTech",3,3,B1,Dutch
339,Napisz e-mail będący kontynuacją poprzedniej rozmowy kwalifikacyjnej.,"Szanowny Maria Wójcik, Piszę do Panna w sprawie projekt. Po przeanalizowaniu sytuacji uważam, że powinniśmy podjąć działania. Byłoby dobrze, gdybyśmy mogli to omówić w przyszłym tygodniu. Czy może Pan poinformować mnie, kiedy jest dostępny na krótkie spotkanie? Proponuję wtorek lub środę, ale jestem elasttyczny. Z poważaniem, Maria InfoBridge",2,4,B1,Polish
158,Scrivi un'email di annuncio HR sulla giornata sportiva annuale dell'azienda.,"Gentile Elena Ricci, Le scrivo perché bisogno ho di aiuto con il budget. È un problema importante e spero che possa aiutarmi. Aspetto la sua Cordiali risposta. saluti, Elena",3,3,A2,Italian
842,Escreva um email para a sua equipa solicitando uma reunião na próxima terça-feira para discutir o progresso do projeto.,"Estimado Miguel Pereira,

Tenho o prazer de lhe apresentar uma avaliação exaustiva de o atraso, na qual não me circunscrevo apenas à contextualização dos resultados alcançados, mas ilumino igualmente as implicações estratégicas que poderão revelar-se determinantes para a nossa orientação futura.

Os resultados do período transato constituem testemunho de um progresso notável em múltiplas frentes. A eficiência operacional registou um incremento de 23%, o que se deve não apenas à otimização dos processos de trabalho, mas também à postura proativa da nossa equipa na identificação e eliminação de ineficiências.

Seria para mim uma honra poder aprofundar estas conclusões durante o nosso próximo encontro.

Com os mais elevados cumprimentos,
Miguel
OptiSoft",5,3,C2,Portuguese
33,Schrijf een HR-aankondigingsmail over de jaarlijkse sportdag van het bedrijf.,"team, Ik schrijf over de nieuwe software. Het Het is belangerijk.",0,2,A1,Dutch
24,Escreva um email de anúncio de RH sobre o dia desportivo anual da empresa.,"Olá, Sou novo Quero o escritório. Não sei que fazer. fazer. Maria",0,0,A1,Portuguese
334,Escreva um email propondo uma nova ideia para uma campanha de marketing.,"Caro Pedro Costa, Estou a escrever-lhe a respeeito de o atraso. Após analisar a situação, acredito que devemos tomar mediddas. Seria bom se pudéssemos discutir isto na próxima semana. Pode informar-me quando está disponível para uma breve reunião? Sugiro terça ou quarta-feira, mas sou flexível. Com os melhores cumprimentos, Pedro NetPro",3,2,B1,Portuguese
605,Schrijf een e-mail met een voorstel voor een nieuw marketingcampagne-idee.,"Geachte Lisa Dekker,

Naar aanleiding van de recente ontwikkelingen rondom het personeelsbeleid, acht ik het noodzakelijk om u een uitgebreide analyse te presenteren van de huidige situatie en de mogelijke stappen die wij als organisatie kunnen ondernemen.

Uit de data-analyse blijkt dat de resultaten van het afgelopen kwartaal de verwachtingen hebben overtroffen, met een stijging van 15% in productiviteit ten opzichte van dezelfde periode vorig jaar. Dit is grotendeels te danken aan de succesvolle implementatie van het nieuwe systeem en de toewijding van het gehele team.

Desalniettemin zijn er enkele aandachtspunten die nadere beschouwing verdienen. Ten eerste, de schaalbaarheid van de huidige infrastructuur kan een knelpunt vormen bij verdere groei. Ten tweede, de integratie met externe systemen verloopt trager dan oorspronkelijk gepland.

Ik zou willen voorstellen dat wij een strategische sessie organiseren om deze punten te bespreken en een concreet actieplan op te stellen.

Met vriendelijke groet,
Lisa
InfoBridge",4,4,C1,Dutch
551,Napisz e-mail zgłaszający błąd oprogramowania do zespołu programistów.,"Szanowny Agnieszka Szymańska, W nawiązaniu do naszej ostatniej rozmowy na temat spotkanie, chciałbym przedstawić Panu szczegółową aktualizację obecnego stanu rzeczy. Poczyniliśmy znaczące postępy w zakresie wdrożenia. Zespół pomyślnie zakończył pierwszy etap i obecnie jesteśmy w trakcie realizacji drugiego. Wystąpiło kilka drobnych problemów, które zostały już rozwiązane. Proponuję, abyśmy zaplanowali spotkanie w przyszłym tygodniu w celu omówienia wyników i ustalenia kolejnych kroków. Z poważaniem, Agnieszka DigiWave",3,4,B2,Polish
720,Scrivi un'email a un cliente in risposta al suo reclamo per una consegna in ritardo.,"Egregio Sara Greco,

Alla luce dei recenti sviluppi inerenti a il nuovo software, ritengo opportuno presentarle un'analisi approfondita della situazione corrente e delle possibili azioni che la nostra organizzazione potrebbe intraprendere.

Dall'analisi dei dati emerge che i risultati dell'ultimo trimestre hanno superato le aspettative, registrando un incremento del 15% nella produttività rispetto allo stesso periodo dell'anno precedente. Ciò è in gran parte attribuibile alla riuscita implementazione del nuovo sistema e alla dedizione dell'intero team.

Tuttavia, vi sono alcuni aspetti che meritano un'attenta valutazione, tra cui la scalabilità dell'infrastruttura attuale.

Cordiali saluti,
Sara
SmartCore",3,4,C1,Italian
669,Escreva um email propondo uma nova ideia para uma campanha de marketing.,"Estimado Sofia Rodrigues,

À luz dos recentes desenvolvimentos relativos a a reunião, considero necessário apresentar-lhe uma análise abrangente da situação atual e das possíveis ações que a nossa organização pode empreender.

Da análise dos dados resulta que os resultados do último trimestre superaram as expectativas, registando um aumento de 15% na produtividade em comparação com o mesmo período do ano anterior. Isto deve-se em grande parte à implementação bem-sucedida do novo sistema e à dedicação de toda a equipa.

Contudo, existem alguns aspetos que merecem uma análise mais aprofundada, incluindo a escalabilidade da infraestrutura atual.

Com os melhores cumprimentos,
Sofia
SmartCore",4,4,C1,Portuguese
430,Γράψτε ένα email σε προμηθευτή ζητώντας προσφορά για χύμα υλικά.,"Αγαπητέ Ελένη Κωνσταντίνου, Σας γράφω σχετικά με την εκστρατεία μάρκετινγκ. Μετά την εξέταση της κατάστασης, πιστεύω ότι πρέπει να αναλάβουμε δράση. Θα ήταν καλό αν μπορούσαμε να το συζητήσουμε την επόμενη εβδομάδα. Μπορείτε να μου πείτε πότε είστε διαθέσιμος για μια σύντομη συνάντηση; Προτείνω Τρίτη ή Τετάρρτη, αλλά είμαι ευέλικτος. Με εκτίμηση, Ελένη DigiWave",2,2,B1,Greek
231,Schrijf een e-mail naar een klant als reactie op hun klacht over een vertraagde levering.,"Hallo team, schrijf Ik over productlancering. de We moeten vergaderen volgende week om dit te bespreken. Graag uw beschikbaarheid doorgeven. Bedankt, Eva",1,1,A2,Dutch
765,Scrivi un'email a un fornitore richiedendo un preventivo per materiali all'ingrosso.,"Egregio Sara Greco,

Ho il piacere di presentarle una valutazione esaustiva di i problemi tecnici, nella quale non mi limito a contestualizzare i risultati raggiunti, ma illumino altresì le implicazioni strategiche che potrebbero rivelarsi determinanti per il nostro futuro orientamento.

I risultati del periodo trascorso testimoniano un progresso notevole su molteplici fronti. L'efficienza operativa è aumentata del 23%, il che è riconducibile non soltanto all'ottimizzazione dei processi lavorativi, ma anche all'atteggiamento proattivo del nostro team nell'identificare ed eliminare le inefficienze.

Sarebbe per me un onore poter approfondire questi risultati nel corso del nostro prossimo incontro.

Distinti saluti,
Sara
DigiWave",4,3,C2,Italian
884,Γράψτε ένα email ευχαριστώντας έναν πελάτη για τη συνεχή συνεργασία.,"Αξιότιμε Γιώργος Παπαδόπουλος,

Με ιδιαίτερη ικανοποίηση σας παρουσιάζω μια εμπεριστατωμένη αξιολόγηση του τη συνάντηση, στην οποία δεν περιορίζομαι μόνο στην ανάδειξη των επιτευγμάτων μας, αλλά φωτίζω ταυτόχρονα τις στρατηγικές προεκτάσεις που δύνανται να καθορίσουν την μελλοντική μας πορεία.

Τα αποτελέσματα της παρελθούσας περιόδου αποτελούν τεκμήριο αξιοσημείωτης προόδου σε πολλαπλά μέτωπα. Η λειτουργική αποδοτικότητα αυξήθηκε κατά 23%, γεγονός που οφείλεται τόσο στη βελτιστοποίηση των εργασιακών διαδικασιών όσο και στην προδραστική στάση της ομάδας μας.

Θα ήταν τιμή μου να συζητήσουμε αυτά τα ευρήματα κατά τη διάρκεια της επερχόμενης συνάντησής μας.

Με τιμή,
Γιώργος
NetPro",5,4,C2,Greek
512,Napisz e-mail ogłaszający nową politykę firmy dotyczącą pracy zdalnej.,"Szanowny Magdalena Dąbrowska, W nawiązaniu do naszej ostatniej rozmowy na temat projekt, chciałbym przedstawić Panu szczegółową aktualizację obecnego stanu rzeczy. Poczyniliśmy znaczące postępy w zakresie wdrożenia. Zespół pomyślnie zakończył pierwszy etap i obecnie jesteśmy w trakcie realizacji drugiego. Wystąpiło kilka drobnych problemów, które zostały już rozwiązane. Proponuję, abyśmy zaplanowali spotkanie w przyszłym tygodniu w celu omówienia wyników i ustalenia kolejnych kroków. Z poważaniem, Magdalena NetPro",3,2,B2,Polish
10,Schrijf een e-mail om uw excuses aan te bieden voor het missen van een geplande vergadering.,"Beste team, Ik schrijf over over het kantoor. Kunt u helpen? Bedankt. Groetjes",0,0,A1,Dutch
748,Escreva um email ao seu gestor sobre uma alteração no cronograma do projeto.,"Estimado Ricardo Martins,

À luz dos recentes desenvolvimentos relativos a a formação, considero necessário apresentar-lhe uma análise abrangente da situação atual e das possíveis ações que a nossa organização pode empreender.

Da análise dos dados resulta que os resultados do último trimestre superaram as expectativas, registando um aumento de 15% na produtividade em comparação com o mesmo período do ano anterior. Isto deve-se em grande parte à implementação bem-sucedida do novo sistema e à dedicação de toda a equipa.

Contudo, existem alguns aspetos que merecem uma análise mais aprofundada, incluindo a escalabilidade da infraestrutura atual.

Com os melhores cumprimentos,
Ricardo
CloudMax",5,3,C1,Portuguese
132,Γράψτε ένα email στον διευθυντή σας ζητώντας άδεια για την επόμενη εβδομάδα.,"Αγαπητέ Κωνσταντίνου, Κωνσταντίνου, Έχω Θέλω βοήθεια με το νέο λογισμικό. Μπορείτε βοηθήσετε; Ευχαριστώ",2,0,A1,Greek
143,Γράψτε ένα email αναφέροντας ένα σφάλμα λογισμικού στην ομάδα ανάπτυξης.,"Γεια σας, Είμαι νέος εδώ. Θέλω την εκπαίδευση. ξέρω ξέρω τι να κάνω.",1,0,A1,Greek
665,Schrijf een e-mail aan uw team met het verzoek om een vergadering volgende dinsdag om de projectvoortgang te bespreken.,"Geachte Bram Mulder,

Naar aanleiding van de recente ontwikkelingen rondom de technische problemen, acht ik het noodzakelijk om u een uitgebreide analyse te presenteren van de huidige situatie en de mogelijke stappen die wij als organisatie kunnen ondernemen.

Uit de data-analyse blijkt dat de resultaten van het afgelopen kwartaal de verwachtingen hebben overtroffen, met een stijging van 15% in productiviteit ten opzichte van dezelfde periode vorig jaar. Dit is grotendeels te danken aan de succesvolle implementatie van het nieuwe systeem en de toewijding van het gehele team.

Desalniettemin zijn er enkele aandachtspunten die nadere beschouwing verdienen. Ten eerste, de schaalbaarheid van de huidige infrastructuur kan een knelpunt vormen bij verdere groei. Ten tweede, de integratie met externe systemen verloopt trager dan oorspronkelijk gepland.

Ik zou willen voorstellen dat wij een strategische sessie organiseren om deze punten te bespreken en een concreet actieplan op te stellen.

Met vriendelijke groet,
Bram
SmartCore",4,4,C1,Dutch
774,Escreva um email de boas-vindas para um novo funcionário que se junta à sua equipa.,"Estimado Inês Almeida,

Tenho o prazer de lhe apresentar uma avaliação exaustiva de o atraso, na qual não me circunscrevo apenas à contextualização dos resultados alcançados, mas ilumino igualmente as implicações estratégicas que poderão revelar-se determinantes para a nossa orientação futura.

Os resultados do período transato constituem testemunho de um progresso notável em múltiplas frentes. A eficiência operacional registou um incremento de 23%, o que se deve não apenas à otimização dos processos de trabalho, mas também à postura proativa da nossa equipa na identificação e eliminação de ineficiências.

Seria para mim uma honra poder aprofundar estas conclusões durante o nosso próximo encontro.

Com os mais elevados cumprimentos,
Inês
CyberLink",5,4,C2,Portuguese
572,Schrijf een e-mail aan uw team met het verzoek om een vergadering volgende dinsdag om de projectvoortgang te bespreken.,"Beste Sophie Visser, Naar aanleiding van ons recente gesprek over de technische problemen, wil ik u graag een gedetailleerde update geven over de huidige stand van zaken. We hebben aanzienlijke vooruitgang geboekt op het gebied van de implementatie. Het team heeft de eerste fase succesvol afgerond en we zijn nu bezig met de tweede fase. Er zijn enkele kleinere problemen opgetreden, maar die zijn inmiddels opgelost. Ik stel voor dat we volgende week een vergadering plannen om de resultaten te bespreken en de volgende stappen vast te stellen. Daarnaast zou ik graag uw mening willen horen over de voorgeestelde aanpak voor het derde kwartaal. Met vriendelijke groet, Sophie CyberLink",4,4,B2,Dutch
461,Scrivi un'email invitando i colleghi a un evento di networking.,"Gentile Sara Greco, In seguito alla nostra recente conversazione riguardo a la formazione, desidero fornirle un aggiornamento dettagliato sullo stato attuale della situazione. Abbiamo compiuto progressi significativi nell'ambito dell'implementazione. Il team ha completato con successo la prima fase e siamo attualmente impegnati nella seconda. Si sono verificati alcuni problemi minori, che sono stati nel fraattempo risolti. Propongo di programmare un incontro la prossima settimana per discutere i risultati e definire i prossimi passi. Cordiali saluti, Sara FlexiTech",3,3,B2,Italian
450,Γράψτε ένα email ανακοίνωσης HR για την ετήσια αθλητική ημέρα της εταιρείας.,"Αγαπητέ Πέτρος Ιωάννου, Σας γράφω σχετικά με την εκπαίδευση. Μετά την εξέταση της κατάστασης, πιστεύω ότι πρέπει να αναλάβουμε δράση. Θα ήταν καλό αν μπορούσαμε να το συζητήσουμε την επόμενη εβδομάδα. Μπορείτε να μου πείτε πότε είστε διαθέσιμος για μια σύντομη συνάντηση; Προτείνω Τρίτη ή Τετάρτη, αλλά είμαι ευέλικτος. Με εκτίμηση, Πέτρρος NetPro",3,2,B1,Greek
592,Γράψτε ένα email στον διευθυντή σας ζητώντας άδεια για την επόμενη εβδομάδα.,"Αγαπητέ Κώστας Νικολάου, Σε συνέχεια της πρόσφατης συζήτησής μας σχχετικά με την εξυπηρέτηση πελατών, θα ήθελα να σας ενημερώσω λεπτομερώς για την τρέχουσα κατάσταση. Έχουμε σημειώσει σημαντική πρόοδο στον τομέα της υλοποίησης. Η ομάδα ολοκλήρωσε επιτυχώς το πρώτο στάδιο και βρισκόμαστε τώρα στο δεύτερο. Αντιμετωπίσαμε ορισμένα μικρά προβλήματα, τα οποία έχουν πλέον επιλυθεί. Προτείνω να προγραμματίσουμε μια συνάντηση την επόμενη εβδομάδα για να συζητήσουμε τα αποτελέσματα. Με εκτίμηση, Κώστας InfoBridge",3,2,B2,Greek
428,Napisz e-mail powitalny dla nowego pracownika dołączającego do zespołu.,"Szanowny Krzysztof Woźniak, Piszę do Pana w sprawie biuro. Po przeanalizowaniu sytuacji uważam, że powinniśmy podjąć działania. Byłoby dobrze, gdybyśmy mogli to omówić w przyszłym tygodniuu. Czy może Pan poinformować mnie, kiedy jest dosttępny na krótkie spotkanie? Proponuję wtorek lub środę, ale jestem elastyczny. Z poważaniem, Krzysztof NetPro",3,3,B1,Polish
725,Napisz e-mail do działu zaopatrzenia z prośbą o nowe monitory biurowe.,"Szanowny Panie Agnieszka Szymańska,

W świetle ostatnich wydarzeń dotyczących opóźnienie, uważam za konieczne przedstawienie Panu obszernej analizy obecnej sytuacji oraz możliwych działań, jakie nasza organizacja może podjąć.

Z analizy danych wynika, że wyniki ostatniego kwartału przekroczyły oczekiwania, odnotowując wzrost produktywności o 15% w porównaniu z analogicznym okresem ubiegłego roku. Jest to w dużej mierze zasługą pomyślnego wdrożenia nowego systemu oraz zaangażowania całego zespołu.

Niemniej jednak istnieją pewne kwestie wymagające dalszej analizy, w tym skalowalność obecnej infrastruktury.

Z wyrazami szacunku,
Agnieszka
DataSphere",3,4,C1,Polish
193,Γράψτε ένα email ανακοινώνοντας νέα εταιρική πολιτική για τηλεργασία.,"Γεια σας συνάδελφοι, να Θέλω σας ενημερώσω για την εξυπηρέτηση πελατών. Είναι σημαντικό να το ξέρουν όλοι. Αν έχετε ενημερώστε ερωτήσεις, με. Ευχαριστώ, Γιώργος",0,3,A2,Greek
321,Schrijf een e-mail naar een klant als reactie op hun klacht over een vertraagde levering.,"Beste Jan de Vries, Ik schrijf u met betrekking tot de vergadering. Na het bekijken van de situatie, denk ik dat we actie moeten ondernemen. Het zou goed zijn als we dit volgende week kunnen bespreken. Kunt u mij laten weten wanneer u beschikbaar bent voor een kort overleg? Ik stel voor dinsdag of woensdag, maar ik ben flexibel. Met vriendelijke groet, Jan OptiSoft",2,2,B1,Dutch
88,Escreva um email de seguimento após uma entrevista de emprego anterior.,"Caro Beatriz Sousa, Tenho um um problema. Quero ajuda o lançamento do produto.",0,1,A1,Portuguese
349,Schrijf een e-mail aan IT-ondersteuning over een probleem met de software-installatie.,"Beste collega's, Graag wil ik u informeren over de voortgang van de factuur. We hebben goede resultaten behaald in de afgelopen periode, hoewwel er nog enkele uitdagingen zijn. De volgende stappen zijn gepland voor de komende weken. Ik verwacht dat we de deadline kunnen halen, maar ik houd u op de hoogte als er wijzigingen zijn. Met vriendelijke groet, Pieter",2,3,B1,Dutch
473,Escreva um email pedindo desculpas por ter faltado a uma reunião agendada.,"Caro Beatriz Sousa, Na sequência da nossa recente conversa sobre o atraso, gostaria de lhe fornecer uma atualização detalhada sobre a situação atual. Fizemos progressos significativos na área da implementação. A equipa concluiu com sucesso a primeira fase e estamos agora a trabalhar na segunda. Surgiram alguns problemas menores, que já foram resolvidos. Proponho que agendemos uma reunião para a próxima semana para discutir os resultados e definir os próximos passos. Com os melhores cumprimentos, Beatriz InfoBridge",4,3,B2,Portuguese
480,Γράψτε ένα email αναφέροντας ένα σφάλμα λογισμικού στην ομάδα ανάπτυξης.,"Αγαπητέ Κώστας Νικολάου, Σε συνέχεια της πρόσφατης συζήτησής μας σχετικά με την εξυπηρέτηση πελατών, θα ήθελα να σας ενημερώσω λεπτομερώς για την τρέχουσα κατάσταση. Έχουμε σημειώσει σημαντική πρόοδο στον τομέα της υλοποίησης. Η ομάδα ολοκλήρωσε επιτυχώς το πρώτο στάδιο και βρισκόμαστε τώρα στο δεύτερο. Αντιμετωπίσαμε ορισμένα μικρά προβλήματα, τα οποία έχουν πλέον επιλυθεί. Προτείνω να προγραμματίσουμε μια συνάντηση την επόμενη εβδομάδα για να συζητήσουμε τα αποτελέσματα. Με εκτίμηση, Κώστας CloudMax",3,4,B2,Greek
566,Scrivi un'email richiedendo un rimborso per un prodotto difettoso.,"Gentile Chiara Conti, In seguito alla nostra recente conversazione riguardo a l'ufficio, desidero fornirle un aggiornamento dettagliato sullo stato attuale della situazione. Abbiamo compiuto progressi significativi nell'ambito dell'implementazione. Il team ha completato con successo la prima fase e siamo attualmente impegnati nella seconda. Si sono verificati alcuni problemi minori, che sono stati nel frattempo risolti. Propongo di programmare un incontro la prossima settimana per discutere i risultati e definire i prossimi passi. Cordiali saluti, Chiara FlexiTech",5,4,B2,Italian
529,Scrivi un'email scusandoti per aver perso una riunione programmata.,"Gentile Marco Rossi, In seguito alla nostra recente conversazione riguardo a i problemi tecnici, desidero fornirle un aggiornamento dettagliato sullo stato attuale della situazione. Abbiamo compiuto progressi significativi nell'ambito dell'implementazione. Il team ha completato con successo la prima fase e siamo attualmente impegnati nella seconda. Si sono verificati alcuni problemi minori, che sono stati nel frattempo risolti. Propongo di programmare un incontro la prossima settimana per discutere i risultati e definire i prossimi passi. Cordiali saluti, Marco NetPro",3,2,B2,Italian
635,Γράψτε ένα email ανακοινώνοντας νέα εταιρική πολιτική για τηλεργασία.,"Αξιότιμε Κώστας Νικολάου,

Λαμβάνοντας υπόψη τις πρόσφατες εξελίξεις σχετικά με την καθυστέρηση, κρίνω απαραίτητο να σας παρουσιάσω μια εκτενή ανάλυση της τρέχουσας κατάστασης και των πιθανών ενεργειών που μπορούμε να αναλάβουμε ως οργανισμός.

Από την ανάλυση των δεδομένων προκύπτει ότι τα αποτελέσματα του προηγούμενου τριμήνου ξεπέρασαν τις προσδοκίες, με αύξηση 15% στην παραγωγικότητα σε σύγκριση με την αντίστοιχη περίοδο του προηγούμενου έτους.

Ωστόσο, υπάρχουν ορισμένα σημεία που χρήζουν περαιτέρω εξέτασης. Πρώτον, η επεκτασιμότητα της τρέχουσας υποδομής ενδέχεται να αποτελέσει σημείο συμφόρησης.

Με εκτίμηση,
Κώστας
SmartCore",4,4,C1,Greek
685,Γράψτε ένα email υπενθυμίζοντας έναν πελάτη για προσεχή προθεσμία τιμολογίου.,"Αξιότιμε Κατερίνα Χρήστου,

Λαμβάνοντας υπόψη τις πρόσφατες εξελίξεις σχετικά με το τιμολόγιο, κρίνω απαραίτητο να σας παρουσιάσω μια εκτενή ανάλυση της τρέχουσας κατάστασης και των πιθανών ενεργειών που μπορούμε να αναλάβουμε ως οργανισμός.

Από την ανάλυση των δεδομένων προκύπτει ότι τα αποτελέσματα του προηγούμενου τριμήνου ξεπέρασαν τις προσδοκίες, με αύξηση 15% στην παραγωγικότητα σε σύγκριση με την αντίστοιχη περίοδο του προηγούμενου έτους.

Ωστόσο, υπάρχουν ορισμένα σημεία που χρήζουν περαιτέρω εξέτασης. Πρώτον, η επεκτασιμότητα της τρέχουσας υποδομής ενδέχεται να αποτελέσει σημείο συμφόρησης.

Με εκτίμηση,
Κατερίνα
CloudMax",4,4,C1,Greek
706,Schrijf een e-mail om collega's uit te nodigen voor een netwerkevenement.,"Geachte Sophie Visser,

Naar aanleiding van de recente ontwikkelingen rondom het kwaliteitsprobleem, acht ik het noodzakelijk om u een uitgebreide analyse te presenteren van de huidige situatie en de mogelijke stappen die wij als organisatie kunnen ondernemen.

Uit de data-analyse blijkt dat de resultaten van het afgelopen kwartaal de verwachtingen hebben overtroffen, met een stijging van 15% in productiviteit ten opzichte van dezelfde periode vorig jaar. Dit is grotendeels te danken aan de succesvolle implementatie van het nieuwe systeem en de toewijding van het gehele team.

Desalniettemin zijn er enkele aandachtspunten die nadere beschouwing verdienen. Ten eerste, de schaalbaarheid van de huidige infrastructuur kan een knelpunt vormen bij verdere groei. Ten tweede, de integratie met externe systemen verloopt trager dan oorspronkelijk gepland.

Ik zou willen voorstellen dat wij een strategische sessie organiseren om deze punten te bespreken en een concreet actieplan op te stellen.

Met vriendelijke groet,
Sophie
NetPro",5,3,C1,Dutch
233,Γράψτε ένα email αναφέροντας ένα σφάλμα λογισμικού στην ομάδα ανάπτυξης.,"Γεια σας συνάδελφοι, Θέλω να σας ενημερώσω για τεχνικά τα προβλήματα. Είναι σημαντικό να το ξέρουν όλοι. Αν έχετε ερωτήσεις, ενημερώστε Ευχαριστώ, με. Δημήτρης",3,2,A2,Greek
624,Escreva um email convidando colegas para um evento de networking.,"Estimado Maria Santos,

À luz dos recentes desenvolvimentos relativos a o fornecedor, considero necessário apresentar-lhe uma análise abrangente da situação atual e das possíveis ações que a nossa organização pode empreender.

Da análise dos dados resulta que os resultados do último trimestre superaram as expectativas, registando um aumento de 15% na produtividade em comparação com o mesmo período do ano anterior. Isto deve-se em grande parte à implementação bem-sucedida do novo sistema e à dedicação de toda a equipa.

Contudo, existem alguns aspetos que merecem uma análise mais aprofundada, incluindo a escalabilidade da infraestrutura atual.

Com os melhores cumprimentos,
Maria
FlexiTech",4,4,C1,Portuguese
408,Γράψτε ένα email παρακολούθησης μετά από προηγούμενη συνέντευξη εργασίας.,"Αγαπητέ Ελένη Κωνσταντίνου, Σας γράφω σχετικά με την πολιτική προσωπικού. Μετά την εξέταση της κατάστασης, πιστεύω ότι πρέπει να αναλάβουμε δράση. Θα ήταν καλό αν μπορούσαμε να το συζητήσουμε την επόμενη εβδομάδα. Μπορείτε να μου πείτε πότε είστε διαθέσιμος για μια σύύντομη συνάντηση; Προτείνω Τρίτη ή Τετάρτη, αλλά είμαι ευέλικτος. Με εκτίμηση, Ελέννη OptiSoft",4,2,B1,Greek
716,Γράψτε ένα email με ενημέρωση κατάστασης έργου για την τριμηνιαία ανασκόπηση.,"Αξιότιμε Αθηνά Σταθοπούλου,

Λαμβάνοντας υπόψη τις πρόσφατες εξελίξεις σχετικά με το γραφείο, κρίνω απαραίτητο να σας παρουσιάσω μια εκτενή ανάλυση της τρέχουσας κατάστασης και των πιθανών ενεργειών που μπορούμε να αναλάβουμε ως οργανισμός.

Από την ανάλυση των δεδομένων προκύπτει ότι τα αποτελέσματα του προηγούμενου τριμήνου ξεπέρασαν τις προσδοκίες, με αύξηση 15% στην παραγωγικότητα σε σύγκριση με την αντίστοιχη περίοδο του προηγούμενου έτους.

Ωστόσο, υπάρχουν ορισμένα σημεία που χρήζουν περαιτέρω εξέτασης. Πρώτον, η επεκτασιμότητα της τρέχουσας υποδομής ενδέχεται να αποτελέσει σημείο συμφόρησης.

Με εκτίμηση,
Αθηνά
DigiWave",4,3,C1,Greek
651,Napisz e-mail z przeprosinami za nieobecność na zaplanowanym spotkaniu.,"Szanowny Panie Magdalena Dąbrowska,

W świetle ostatnich wydarzeń dotyczących nowe oprogramowanie, uważam za konieczne przedstawienie Panu obszernej analizy obecnej sytuacji oraz możliwych działań, jakie nasza organizacja może podjąć.

Z analizy danych wynika, że wyniki ostatniego kwartału przekroczyły oczekiwania, odnotowując wzrost produktywności o 15% w porównaniu z analogicznym okresem ubiegłego roku. Jest to w dużej mierze zasługą pomyślnego wdrożenia nowego systemu oraz zaangażowania całego zespołu.

Niemniej jednak istnieją pewne kwestie wymagające dalszej analizy, w tym skalowalność obecnej infrastruktury.

Z wyrazami szacunku,
Magdalena
CyberLink",4,4,C1,Polish
484,Schrijf een e-mail met feedback over een recente trainingsessie.,"Beste collega's, Hierbij nodig ik u uit voor onze kwartaalvergadering over het kantoor. De vergadering zal plaatsvinden op donderdag 15 maart om 14:00 uur in vergaderzaal 3. De agenda omvat de volgende punten: 1. Projectvoortgang en mijlpalen 2. Budgetoverzicht en financiële prognose 3. Teamuitbreiding en nieuwe aanwervingen 4. Eventuele vragen en overige punten Gelieve uw beschikbaarheid te bevestigen voor woensdag 12 maart. Indien u niet aanwezig kunt zijn, kunt u uw input vooraf per e-mail delen. Met vriendelijke groet, Anna",3,3,B2,Dutch
897,Schrijf een e-mail als vervolg op een eerder sollicitatiegesprek.,"Geachte Jan de Vries,

Met genoegen presenteer ik u hierbij een uitvoerige evaluatie van de factuur, waarbij ik niet alleen de bereikte resultaten in perspectief plaats, maar tevens de strategische implicaties belicht die van doorslaggevend belang kunnen zijn voor onze toekomstige koers.

De resultaten van de afgelopen periode getuigen van een opmerkelijke vooruitgang op meerdere fronten. De operationele efficiëntie is met 23% toegenomen, hetgeen niet alleen te danken is aan de geoptimaliseerde werkprocessen, maar ook aan de proactieve houding van ons team bij het identificeren en elimineren van inefficiënties.

Wat betreft de technologische infrastructuur hebben wij een solide fundament gelegd waarop toekomstige innovaties kunnen worden gebouwd. De architectuur is zodanig ontworpen dat deze schaalbaar en toekomstbestendig is, waardoor wij flexibel kunnen inspelen op veranderende marktomstandigheden.

Ik nodig u van harte uit om deze bevindingen tijdens ons aanstaande overleg nader te bespreken, zodat wij gezamenlijk de meest optimale strategie kunnen formuleren.

Hoogachtend,
Jan
NetPro",4,4,C2,Dutch
594,Escreva um email ao seu gestor sobre uma alteração no cronograma do projeto.,"Caro Ricardo Martins, Na sequência da nossa recente conversa sobre o fornecedor, gostaria de lhe fornecer uma atualização detalhada sobre a situação atual. Fizemos progressos significativos na área da implementação. A equipa concluiu com sucesso a primeira fase e estamos agora a trabalhar na segunda. Surgiram alguns problemas menores, que já foram resolvidos. Proponho que agendemos uma reunião para a próxima semana para discutir os resultados e definir os próximos passos. Com os melhores cumprimentos, Ricardo DigiWave",5,4,B2,Portuguese
416,Escreva um email ao suporte de TI sobre um problema de instalação de software.,"Caro Beatriz Sousa, Estou a escrever-lhe a respeito de a política de pessoal. Após analisar a situação, acredito que devemos tomar medidas. Seria bom se pudéssemos discutir isto na próximma semana. Pode informar-me quando está disponível para uma breve reunião? Sugiro teerça ou quarta-feira, mas sou flexível. Com os melhores cumprimentos, Beatriz TechNova",4,2,B1,Portuguese
414,Escreva um email pedindo desculpas por ter faltado a uma reunião agendada.,"Caro João Silva, Estou a escrever-lhe a respeito de a fatura. Após analisar a situação, acredito que devemos tomar medidas. Seria bom se pudéssemos discutir isto na próxima semana. Pode informar-me quando está disponível paara uma breve reunião? Sugiro terça ou quarta-feira, mas sou flexível. Com os melhores cumprimentos, João FlexiTech",4,2,B1,Portuguese
355,Scrivi un'email di benvenuto per un nuovo dipendente che si unisce al tuo team.,"Gentile Francesca Romano, Le scrivo in merito a il fornitore. Dopo aver esaminato la situazione, ritengo che dobbiamo prendere provvedimenti. Sarebbe opportuno se potessimo discuterne la prossima settimana. Può farmi sapere quando è disponibile per un breve incontro? Propoongo martedì o mercoledì, ma sono flessibile. Cordiali saluti, Francesca InfoBridge",3,4,B1,Italian
289,Escreva um email anunciando uma nova política da empresa sobre trabalho remoto.,"Inês Caro Almeida, Estou escrever a porque preciso de ajuda com o projeto. É um problema e importante espero que me possa ajudar. Fico a aguardar a sua resposta. Com os melhores cumprimentos, Inês",2,2,A2,Portuguese
818,Napisz e-mail proponujący nowy pomysł na kampanię marketingową.,"Szanowny Panie Marek Zieliński,

Z przyjemnością przedstawiam Panu kompleksową ocenę opóźnienie, w której nie ograniczam się jedynie do kontekstualizacji osiągniętych wyników, lecz jednocześnie rzucam światło na implikacje strategiczne, które mogą okazać się decydujące dla naszego przyszłego kierunku rozwoju.

Wyniki minionego okresu stanowią świadectwo godnego uwagi postępu na wielu frontach. Efektywność operacyjna wzrosła o 23%, co jest wynikiem nie tylko optymalizacji procesów roboczych, ale również proaktywnej postawy naszego zespołu w identyfikowaniu i eliminowaniu nieefektywności.

Byłoby mi niezmiernie miło móc omówić te ustalenia podczas naszego najbliższego spotkania.

Z wyrazami najwyższego szacunku,
Marek
CyberLink",5,4,C2,Polish
852,Scrivi un'email invitando i colleghi a un evento di networking.,"Egregio Giulia Bianchi,

Ho il piacere di presentarle una valutazione esaustiva di il servizio clienti, nella quale non mi limito a contestualizzare i risultati raggiunti, ma illumino altresì le implicazioni strategiche che potrebbero rivelarsi determinanti per il nostro futuro orientamento.

I risultati del periodo trascorso testimoniano un progresso notevole su molteplici fronti. L'efficienza operativa è aumentata del 23%, il che è riconducibile non soltanto all'ottimizzazione dei processi lavorativi, ma anche all'atteggiamento proattivo del nostro team nell'identificare ed eliminare le inefficienze.

Sarebbe per me un onore poter approfondire questi risultati nel corso del nostro prossimo incontro.

Distinti saluti,
Giulia
SmartCore",5,4,C2,Italian
268,Escreva um email de seguimento após uma entrevista de emprego anterior.,"Caro Inês Almeida, Estou a escrever preciso porque de ajuda com o orçamento. É um importante problema e espero me que possa ajudar. Fico a aguardar a sua resposta. Com os melhores cumprimentos, Inês",3,1,A2,Portuguese
557,Schrijf een e-mail met feedback over een recente trainingsessie.,"Beste Eva Meijer, Naar aanleiding van ons recente gesprek over de technische problemen, wil ik u graag een gedetailleerde update geven over de huidige stand van zaken. We hebben aanzienlijke vooruitgang geboekt op het gebied van de implementatie. Het team heeft de eerste fase succesvol afgerond en we zijn nu bezig met de tweede fase. Er zijn enkele kleinere problemen opgetreden, maar die zijn inmiddels opgelost. Ik stel voor dat we volgende week een vergadering plannen om de resultaten te bespreken en de volgende stappen vast te stellen. Daarnaast zou ik graag uw mening willen horen over de voorgestelde aanpak voor het derde kwartaal. Met vriendelijke groet, Eva FlexiTech",4,2,B2,Dutch
142,Schrijf een welkomst-e-mail voor een nieuwe medewerker die bij uw team komt.,"Hallo Hallo Jan de Vries, heb een vraag over factuur. Ik weet goed wat te doen. Help mij alstublieft. Dank",2,1,A1,Dutch
196,Γράψτε ένα email αναφέροντας ένα σφάλμα λογισμικού στην ομάδα ανάπτυξης.,"Γεια σας συνάδελφοι, Θέλω να σας ενημερώσω για την εκπαίδευση. Είναι σημαντικό το να ξέρουν όλοι. Αν έχετε ερωτήσεις, ενημερώστε με. Κώστας Ευχαριστώ,",2,3,A2,Greek
282,Napisz e-mail z opinią na temat ostatniej sesji szkoleniowej.,"Drogi Anna Nowak, Piszę Pana, do ponieważ potrzebuję pomocy z szkolenie. To ważny jest problem i mam nadzieję, że może mi Pan pomóc. Czekam na odpowiedź. Z poważaniem, Anna",1,1,A2,Polish
310,Napisz e-mail do kierownika o zmianie harmonogramu projektu.,"Szanowny Piotr Wiśniewski, Piszę do Pana w sprawie biuro. Po przeanalizowaniu sytuacji uważam, że powinniśmy podjąć działania. Byłoby dobrze, gdybyśmy mogli to omówić w przyszłym tygodniu. Czy może Pan poinformować mnie, kiedy jest dostępny na krótkiie spotkanie? Proponuję wtorek lub środę, ale jestem elastyczny. Z poważaniem, Piotr TecchNova",3,3,B1,Polish
257,Schrijf een e-mail met een verzoek om terugbetaling voor een defect product.,"Beste Pieter Jansen, Ik schrijf u omdat ik hulp nodig met heb de leverancier. Het is een belangrijk probleem en ik dat hoop u mij kan helpen. wacht Ik op uw antwoord. Met vriendelijke groet, Pieter",1,1,A2,Dutch
338,Escreva um email anunciando uma nova política da empresa sobre trabalho remoto.,"Caro Miguel Pereira, Estou a escrever-lhe a respeito de o fornecedor. Após analisar a situação, acredito que devemos tomar medidas. Seria bom se pudéssemos discutir isto na próxima semana. Pode informar-me quando está dispponível para uma brreve reunião? Sugiro terça ou quarta-feira, mas sou flexível. Com os melhores cumprimentos, Miguel TechNova",4,3,B1,Portuguese
202,Schrijf een e-mail aan uw manager met het verzoek om verlof voor volgende week.,"Hallo team, Ik schrijf over leverancier. de We moeten vergaderen week volgende om dit te bespreken. Graag uw beschikbaarheid doorgeven. Bedankt, Anna",1,2,A2,Dutch
342,Schrijf een e-mail om collega's uit te nodigen voor een netwerkevenement.,"Beste Kees Bakker, Ik schrijf u met betrekking tot de technische problemen. Na het bekijken van de situatie, denk ik dat we actie moeten ondernemen. Het zou goed zijn als we dit volgende weeek kunnen bespreken. Kunt u mij laten weten wanneer u beschikbaar bent voor een kort overleg? Ik stel voor dinsddag of woensdag, maar ik ben flexibel. Met vriendelijke groet, Kees OptiSoft",4,3,B1,Dutch
837,Scrivi un'email al team acquisti richiedendo nuovi monitor per l'ufficio.,"Egregio Elena Ricci,

Ho il piacere di presentarle una valutazione esaustiva di il progetto, nella quale non mi limito a contestualizzare i risultati raggiunti, ma illumino altresì le implicazioni strategiche che potrebbero rivelarsi determinanti per il nostro futuro orientamento.

I risultati del periodo trascorso testimoniano un progresso notevole su molteplici fronti. L'efficienza operativa è aumentata del 23%, il che è riconducibile non soltanto all'ottimizzazione dei processi lavorativi, ma anche all'atteggiamento proattivo del nostro team nell'identificare ed eliminare le inefficienze.

Sarebbe per me un onore poter approfondire questi risultati nel corso del nostro prossimo incontro.

Distinti saluti,
Elena
SmartCore",5,3,C2,Italian
627,Napisz e-mail zgłaszający błąd oprogramowania do zespołu programistów.,"Szanowny Panie Anna Nowak,

W świetle ostatnich wydarzeń dotyczących spotkanie, uważam za konieczne przedstawienie Panu obszernej analizy obecnej sytuacji oraz możliwych działań, jakie nasza organizacja może podjąć.

Z analizy danych wynika, że wyniki ostatniego kwartału przekroczyły oczekiwania, odnotowując wzrost produktywności o 15% w porównaniu z analogicznym okresem ubiegłego roku. Jest to w dużej mierze zasługą pomyślnego wdrożenia nowego systemu oraz zaangażowania całego zespołu.

Niemniej jednak istnieją pewne kwestie wymagające dalszej analizy, w tym skalowalność obecnej infrastruktury.

Z wyrazami szacunku,
Anna
SmartCore",4,4,C1,Polish
40,Napisz e-mail zgłaszający błąd oprogramowania do zespołu programistów.,"Witam, Jestem nowy. Chcę produktu.",1,2,A1,Polish
776,Napisz e-mail będący kontynuacją poprzedniej rozmowy kwalifikacyjnej.,"Szanowny Panie Maria Wójcik,

Z przyjemnością przedstawiam Panu kompleksową ocenę nowe oprogramowanie, w której nie ograniczam się jedynie do kontekstualizacji osiągniętych wyników, lecz jednocześnie rzucam światło na implikacje strategiczne, które mogą okazać się decydujące dla naszego przyszłego kierunku rozwoju.

Wyniki minionego okresu stanowią świadectwo godnego uwagi postępu na wielu frontach. Efektywność operacyjna wzrosła o 23%, co jest wynikiem nie tylko optymalizacji procesów roboczych, ale również proaktywnej postawy naszego zespołu w identyfikowaniu i eliminowaniu nieefektywności.

Byłoby mi niezmiernie miło móc omówić te ustalenia podczas naszego najbliższego spotkania.

Z wyrazami najwyższego szacunku,
Maria
DigiWave",4,4,C2,Polish
74,Scrivi un'email scusandoti per aver perso una riunione programmata.,"Gentile Marino, Ho un problema. Voglio Voglio aiuto con il servizio clienti.",1,2,A1,Italian
736,Schrijf een e-mail om collega's uit te nodigen voor een netwerkevenement.,"Geachte Maria Timmers,

Naar aanleiding van de recente ontwikkelingen rondom de training, acht ik het noodzakelijk om u een uitgebreide analyse te presenteren van de huidige situatie en de mogelijke stappen die wij als organisatie kunnen ondernemen.

Uit de data-analyse blijkt dat de resultaten van het afgelopen kwartaal de verwachtingen hebben overtroffen, met een stijging van 15% in productiviteit ten opzichte van dezelfde periode vorig jaar. Dit is grotendeels te danken aan de succesvolle implementatie van het nieuwe systeem en de toewijding van het gehele team.

Desalniettemin zijn er enkele aandachtspunten die nadere beschouwing verdienen. Ten eerste, de schaalbaarheid van de huidige infrastructuur kan een knelpunt vormen bij verdere groei. Ten tweede, de integratie met externe systemen verloopt trager dan oorspronkelijk gepland.

Ik zou willen voorstellen dat wij een strategische sessie organiseren om deze punten te bespreken en een concreet actieplan op te stellen.

Met vriendelijke groet,
Maria
DigiWave",5,3,C1,Dutch
101,Escreva um email ao departamento de compras solicitando novos monitores de escritório.,Caro Pedro Tenho um problema. Quero ajuda com o o projeto.,1,2,A1,Portuguese
234,Escreva um email ao seu gestor solicitando licença para a próxima semana.,"Olá colegas, Quero informar-vos sobre a fatura. É importante que todos saibam. tiverem Se perguntas, digam-me. Obrigado, João",2,1,A2,Portuguese
284,Napisz e-mail do kierownika o zmianie harmonogramu projektu.,"Drogi Marek Piszę Zieliński, do Pana, potrzebuję ponieważ pomocy z wprowadzenie produktu. To jest ważny problem i mam nadzieję, że może mi Pan pomóc. Czekam na odpowiedź. poważaniem, Z Marek",2,1,A2,Polish
81,Scrivi un'email di follow-up dopo un precedente colloquio di lavoro.,"Chiara Conti, Io sono Io voglio il budget. budget. Grazie. Saluti",2,2,A1,Italian
560,Escreva um email com uma atualização do estado do projeto para a revisão trimestral.,"Caro Sofia Rodrigues, Na sequência da nossa recente conversa sobre a campanha de marketing, gostaria de lhe fornecer uma atualização detalhada sobre a situação atual. Fizeemos progressos significativos na área da implementação. A equipa concluiu com sucesso a primeira fase e estamos agora a trabalhar na segunda. Surgiram alguns problemas menores, que já foram resolvidos. Proponho que agendemos uma reunião para a próxima semana para discutir os resultados e definir os próximos passos. Com os melhores cumprimentos, Sofia OptiSoft",5,3,B2,Portuguese
868,Γράψτε ένα email ανακοίνωσης HR για την ετήσια αθλητική ημέρα της εταιρείας.,"Αξιότιμε Πέτρος Ιωάννου,

Με ιδιαίτερη ικανοποίηση σας παρουσιάζω μια εμπεριστατωμένη αξιολόγηση του το γραφείο, στην οποία δεν περιορίζομαι μόνο στην ανάδειξη των επιτευγμάτων μας, αλλά φωτίζω ταυτόχρονα τις στρατηγικές προεκτάσεις που δύνανται να καθορίσουν την μελλοντική μας πορεία.

Τα αποτελέσματα της παρελθούσας περιόδου αποτελούν τεκμήριο αξιοσημείωτης προόδου σε πολλαπλά μέτωπα. Η λειτουργική αποδοτικότητα αυξήθηκε κατά 23%, γεγονός που οφείλεται τόσο στη βελτιστοποίηση των εργασιακών διαδικασιών όσο και στην προδραστική στάση της ομάδας μας.

Θα ήταν τιμή μου να συζητήσουμε αυτά τα ευρήματα κατά τη διάρκεια της επερχόμενης συνάντησής μας.

Με τιμή,
Πέτρος
OptiSoft",4,4,C2,Greek
514,Escreva um email para a sua equipa solicitando uma reunião na próxima terça-feira para discutir o progresso do projeto.,"Caro João Silva, Na sequência da nossa recente conversa sobre o fornecedor, gostaria de lhe fornecer uma atualização detalhada sobre a situação atual. Fizemos progressos significativos na área da implementação. A equipa concluiu com sucesso a primeira fase e estamos agora a trabalhar na segunda. Surgiram alguns problemas menores, que já foram resolvidos. Proponho que agendemos uma reunião para a próxima semana para discutir os resultados e definir os próximos passos. Com os melhores cumprimentos, João NetPro",5,4,B2,Portuguese
717,Escreva um email lembrando um cliente sobre um prazo de fatura próximo.,"Estimado Maria Santos,

À luz dos recentes desenvolvimentos relativos a o atraso, considero necessário apresentar-lhe uma análise abrangente da situação atual e das possíveis ações que a nossa organização pode empreender.

Da análise dos dados resulta que os resultados do último trimestre superaram as expectativas, registando um aumento de 15% na produtividade em comparação com o mesmo período do ano anterior. Isto deve-se em grande parte à implementação bem-sucedida do novo sistema e à dedicação de toda a equipa.

Contudo, existem alguns aspetos que merecem uma análise mais aprofundada, incluindo a escalabilidade da infraestrutura atual.

Com os melhores cumprimentos,
Maria
CyberLink",4,4,C1,Portuguese
85,Scrivi un'email richiedendo un rimborso per un prodotto difettoso.,"Giulia Giulia Bianchi, Ho un problema. Voglio aiuto con riunione. Puoi aiutare? Grazie. saluti",2,2,A1,Italian
368,Napisz e-mail z ogłoszeniem HR o corocznym dniu sportu w firmie.,"Szanowny Magdaleena Dąbrowska, Piszę do Pana w sprawie wprowadzenie produktu. Po przeanalizowaniu sytuacji uważam, że powinniśmy podjąć działania. Byłoby dobrze, gdybyśmy mogli to omówić w przyszłym tygodniu. Czy może Pan poinformować mnie, kiedy jest dostępny na krótkie spotkanie? Proponuję wtorek lub śrrodę, ale jestem elastyczny. Z poważaniem, Magdalena TechNova",4,2,B1,Polish
78,Scrivi un'email al supporto IT riguardo un problema di installazione software.,"Gentile Sara Greco, problema. aiuto con la riunione. Puoi aiutare? aiutare? Grazie. Cordiali saluti",1,0,A1,Italian
272,Napisz e-mail do dostawcy z prośbą o wycenę materiałów hurtowych.,"Drogi Piotr Wiśniewski, Piszę do Pana, ponieważ pomocy potrzebuję z nowe oprogramowanie. To jest ważny problem i mam nadzieję, że może mi Pan pomóc. na Czekam Z odpowiedź. poważaniem, Piotr",3,3,A2,Polish
240,Napisz e-mail do kierownika o zmianie harmonogramu projektu.,"Drogi Anna Nowak, Piszę do Pana, ponieważ potrzebuję pomocy z biuro. To jest ważny problem i mam nadzieję, że może mi Pan pomóc. Czekam na odpowiedź. Z poważaniem, Anna",2,1,A2,Polish
453,Γράψτε ένα email στην υποστήριξη IT σχετικά με πρόβλημα εγκατάστασης λογισμικού.,"Αγαπητέ Κώστας Νικολάου, Σε συνέχεια της πρόσφατης συζήτησής μας σχετικά με τον προμηθευτή, θα ήθελα να σας ενημερώσω λεπτομερώς για την τρέχουσα κατάσταση. Έχουμε σημειώσει σημαντική πρόοδο στον τομέα της υλοποίησης. Η ομάδα ολοκλλήρωσε επιτυχώς το πρώτο στάδιο και βρισκόμαστε τώρα στο δεύτερο. Αντιμετωπίσαμε ορισμένα μικρά προβλήματα, τα οποία έχουν πλέον επιλυθεί. Προτείνω να προγραμματίσουμε μια συνάντηση την επόμενη εβδομάδα για να συζητήσουμε τα αποτελέσματα. Με εκτίμηση, Κώστας SmartCore",4,3,B2,Greek
691,Escreva um email anunciando uma nova política da empresa sobre trabalho remoto.,"Estimado Ricardo Martins,

À luz dos recentes desenvolvimentos relativos a o atraso, considero necessário apresentar-lhe uma análise abrangente da situação atual e das possíveis ações que a nossa organização pode empreender.

Da análise dos dados resulta que os resultados do último trimestre superaram as expectativas, registando um aumento de 15% na produtividade em comparação com o mesmo período do ano anterior. Isto deve-se em grande parte à implementação bem-sucedida do novo sistema e à dedicação de toda a equipa.

Contudo, existem alguns aspetos que merecem uma análise mais aprofundada, incluindo a escalabilidade da infraestrutura atual.

Com os melhores cumprimentos,
Ricardo
SmartCore",4,4,C1,Portuguese
26,Scrivi un'email per segnalare un bug software al team di sviluppo.,"Sara Greco, Ho un problema. Voglio aiuto con problemi tecnici. tecnici. Puoi aiutare? Cordiali saluti",1,2,A1,Italian
392,Napisz e-mail do wsparcia IT dotyczący problemu z instalacją oprogramowania.,"Szanowny Krzysztof Woźniak, Piszę do Pana w sprawie problem jakościowy. Po przeanalizowaniu sytuacji uwaażam, że powinniśmy podjąć działania. Byłoby dobrze, gdybyśmy mogli to omówić w przyszłym tygodniu. Czy może Pan poinformować mnie, kiedy jest dostępny na krótkie spotkanie? Proponuję wtorek lub środę, ale jestem elastyczny. Z poważaniem, Krzysztof SmartCore",3,1,B1,Polish
280,Γράψτε ένα email αναφέροντας ένα σφάλμα λογισμικού στην ομάδα ανάπτυξης.,"Αγαπητέ Γιώργος Παπαδόπουλος, Σας γιατί γράφω χρειάζομαι βοήθεια με τη συνάντηση. Είναι σημαντικό πρόβλημα και ελπίζω να μπορείτε με να βοηθήσετε. Περιμένω την απάντησή σας. Με εκτίμηση, Γιώργος",2,1,A2,Greek
325,Escreva um email para um cliente em resposta à reclamação sobre uma entrega atrasada.,"Caro Pedro Costa, Estou a escrever-lhe a respeito de o problema de qualidade. Após analisar a situação, acredito que devemos tomar medidas. Seria bom se pudéssemos discutir isto na próxima semana. Pode informar-me quando está disponível parra uma breve reunião? Sugiro terça ou quarta-feira, mas sou flexível. Com os melhores cumprimentos, Pedro InfoBridge",4,2,B1,Portuguese
510,Escreva um email ao seu gestor solicitando licença para a próxima semana.,"Caro Inês Almeida, Na sequência da nossa recente conversa sobre o novo software, gostaria de lhe fornecer uma atualização detalhada sobre a situação atual. Fizemos progressos significativos na área da implementação. A equipa concluiu com sucesso a primeira fase e estamos agora a trabalhar na segunda. Surgiram alguns problemas menores, que já foram resolvidos. Proponho que agendemos uma reunião para a próxima semana para discutir os resultados e definir os próximos passos. Com os mellhores cumprimentos, Inês SmartCore",5,3,B2,Portuguese
377,Napisz e-mail do zespołu z prośbą o spotkanie w przyszły wtorek w celu omówienia postępów projektu.,"Szanowny Anna Nowak, Piszę do Pana w sprawie problem jakościowy. Po przeanalizowaniu sytuacji uważam, że powinniśmy podjąć działania. Byłoby dobrze, gdybyśmy mogli to omówić w przyszłym tygodniu. Czy może Pan poinformować mnie, kiedy jest dostępny na krótkie spotkanie? Proponuję wtorek lub środę, ale jestem elastyczny. Z poważaniem, Anna InfoBridge",3,3,B1,Polish
419,Escreva um email a um fornecedor solicitando um orçamento para materiais a granel.,"Caro Miguel Pereira, Estou a escrever-lhe a respeito de o projeto. Após analisar a situação, acrredito que devemos tomar medidas. Seria bom se pudéssemos discutir isto na próxima semana. Pode informar-me quando está disponível para uma breve reunião? Sugiro terça ou quarta-feira, mas sou flexível. Com os melhores cumprimentos, Miguel InfoBriddge",2,3,B1,Portuguese
443,Schrijf een e-mail om een klant te herinneren aan een naderende factuurdeadline.,"Beste Pieter Jansen, Bedankt voor uw bericht over het budget. Ik heb de informatie bestudeerd en heb enkele opmerkingen die ik graag met u wil deleen. Ten eerste, ik denk dat we het budget opnieuw moeten bekijken. Ten tweede, de tijdlijn moet aangepast worden. Kunt u mij hier feedback over geeven? Met vriendelijke groet, Pieter",3,2,B1,Dutch
826,Γράψτε ένα email στον διευθυντή σας ζητώντας άδεια για την επόμενη εβδομάδα.,"Αξιότιμε Γιώργος Παπαδόπουλος,

Με ιδιαίτερη ικανοποίηση σας παρουσιάζω μια εμπεριστατωμένη αξιολόγηση του την εξυπηρέτηση πελατών, στην οποία δεν περιορίζομαι μόνο στην ανάδειξη των επιτευγμάτων μας, αλλά φωτίζω ταυτόχρονα τις στρατηγικές προεκτάσεις που δύνανται να καθορίσουν την μελλοντική μας πορεία.

Τα αποτελέσματα της παρελθούσας περιόδου αποτελούν τεκμήριο αξιοσημείωτης προόδου σε πολλαπλά μέτωπα. Η λειτουργική αποδοτικότητα αυξήθηκε κατά 23%, γεγονός που οφείλεται τόσο στη βελτιστοποίηση των εργασιακών διαδικασιών όσο και στην προδραστική στάση της ομάδας μας.

Θα ήταν τιμή μου να συζητήσουμε αυτά τα ευρήματα κατά τη διάρκεια της επερχόμενης συνάντησής μας.

Με τιμή,
Γιώργος
OptiSoft",5,3,C2,Greek
462,Napisz e-mail ogłaszający nową politykę firmy dotyczącą pracy zdalnej.,"Szanowny Tomasz Kamiński, W nawiązaniu do naszej ostatniej rozmowy na temat nowe oprogramowanie, chciałbym przedstawić Panu szczegółową aktualizację obecnego stanu rzeczy. Poczyniliśmy znaczące postępy w zakresie wdrożenia. Zespół pomyślnie zakończyył pierwszy etap i obecnie jesteśmy w trakcie realizacji drugiego. Wystąpiło kilka drobnych problemów, które zostały już rozwiązane. Proponuję, abyśmy zaplanowali spotkanie w przyszłym tygodniu w celu omówienia wyników i ustalenia kolejnych kroków. Z poważaniem, Tomasz CyberLink",4,3,B2,Polish
437,Napisz e-mail proponujący nowy pomysł na kampanię marketingową.,"Szanowny Krzysztof Woźniak, Piszę do Pana w sprawie budżet. Po przeanalizowaniu sytuacji uważam, że powinniśmy podjąć działania. Byłoby dobrze, gdybyśmy mogli to ommówić w przyszzłym tygodniu. Czy może Pan poinformować mnie, kiedy jest dostępny na krótkie spotkanie? Proponuję wtorek lub środę, ale jestem elastyczny. Z poważaniem, Krzysztof DigiWave",3,2,B1,Polish
345,Γράψτε ένα email παρακολούθησης μετά από προηγούμενη συνέντευξη εργασίας.,"Αγαπητέ Αθηνά Σταθοπούλου, Σας γράφω σχετικά με το πρόβλημα ποιότητας. Μετά την εξέταση της κατάστασης, πιστεύω ότι πρέπει να αναλάβουμε δράση. Θα ήταν καλό αν μπορούσαμε να το συζητήσουμε την επόμενη εβδομάδα. Μπορείτε να μου πείτε πότε είστε διααθέσιμος για μια σύνντομη συνάντηση; Προτείνω Τρίτη ή Τετάρτη, αλλά είμαι ευέλικτος. Με εκτίμηση, Αθηνά NetPro",2,4,B1,Greek
637,Schrijf een e-mail met een verzoek om terugbetaling voor een defect product.,"Geachte Pieter Jansen,

Naar aanleiding van de recente ontwikkelingen rondom de leverancier, acht ik het noodzakelijk om u een uitgebreide analyse te presenteren van de huidige situatie en de mogelijke stappen die wij als organisatie kunnen ondernemen.

Uit de data-analyse blijkt dat de resultaten van het afgelopen kwartaal de verwachtingen hebben overtroffen, met een stijging van 15% in productiviteit ten opzichte van dezelfde periode vorig jaar. Dit is grotendeels te danken aan de succesvolle implementatie van het nieuwe systeem en de toewijding van het gehele team.

Desalniettemin zijn er enkele aandachtspunten die nadere beschouwing verdienen. Ten eerste, de schaalbaarheid van de huidige infrastructuur kan een knelpunt vormen bij verdere groei. Ten tweede, de integratie met externe systemen verloopt trager dan oorspronkelijk gepland.

Ik zou willen voorstellen dat wij een strategische sessie organiseren om deze punten te bespreken en een concreet actieplan op te stellen.

Met vriendelijke groet,
Pieter
SmartCore",4,4,C1,Dutch
525,Schrijf een e-mail naar een klant als reactie op hun klacht over een vertraagde levering.,"Beste collega's, Hierbij nodig ik u uit voor onze kwartaalvergadering over de productlancering. De vergadering zal plaatsvinden op donderdag 15 maart om 14:00 uur in vergaderzaal 3. De agenda omvat de volgende punten: 1. Projectvoorttgang en mijlpalen 2. Budgetoverzicht en financiële prognose 3. Teamuitbreiding en nieuwe aanwervingen 4. Eventuele vragen en overige punten Gelieve uw beschikbaarheid te bevestigen voor woensdag 12 maart. Indien u niet aanwezig kunt zijn, kunt u uw input vooraf per e-mail delen. Met vriendelijke groet, Jan",3,2,B2,Dutch
477,Napisz e-mail przypominający klientowi o zbliżającym się terminie płatności faktury.,"Szanowny Tomasz Kamiński, W nawiązaniu do naszej ostatniej rozmowy na temat projekt, chciałbym przedstawić Panu szczegółową aktualizację obecnego stanu rzeczy. Poczyniliśmy znaczące postępy w zakresie wdrożenia. Zespół pomyślnie zakończył pierwszy etap i obecnie jesteśmy w trakcie realizacji drugiego. Wystąpiło kilka drobnych problemów, które zostały już rozwiązane. Proponuję, abyśmy zaplanowali spotkanie w przyszłym tygodniu w celu omówienia wyników i ustalenia kolejnych kroków. Z poważaniem, Tomasz TechNova",3,3,B2,Polish
43,Escreva um email ao seu gestor sobre uma alteração no cronograma do projeto.,"Olá Inês Almeida, Eu sou Inês. Eu quero campanha campanha marketing. Obrigado. Cumprimentos",1,1,A1,Portuguese
703,Escreva um email propondo uma nova ideia para uma campanha de marketing.,"Estimado Ricardo Martins,

À luz dos recentes desenvolvimentos relativos a a formação, considero necessário apresentar-lhe uma análise abrangente da situação atual e das possíveis ações que a nossa organização pode empreender.

Da análise dos dados resulta que os resultados do último trimestre superaram as expectativas, registando um aumento de 15% na produtividade em comparação com o mesmo período do ano anterior. Isto deve-se em grande parte à implementação bem-sucedida do novo sistema e à dedicação de toda a equipa.

Contudo, existem alguns aspetos que merecem uma análise mais aprofundada, incluindo a escalabilidade da infraestrutura atual.

Com os melhores cumprimentos,
Ricardo
NetPro",4,4,C1,Portuguese
804,Escreva um email ao departamento de compras solicitando novos monitores de escritório.,"Estimado Inês Almeida,

Tenho o prazer de lhe apresentar uma avaliação exaustiva de a política de pessoal, na qual não me circunscrevo apenas à contextualização dos resultados alcançados, mas ilumino igualmente as implicações estratégicas que poderão revelar-se determinantes para a nossa orientação futura.

Os resultados do período transato constituem testemunho de um progresso notável em múltiplas frentes. A eficiência operacional registou um incremento de 23%, o que se deve não apenas à otimização dos processos de trabalho, mas também à postura proativa da nossa equipa na identificação e eliminação de ineficiências.

Seria para mim uma honra poder aprofundar estas conclusões durante o nosso próximo encontro.

Com os mais elevados cumprimentos,
Inês
FlexiTech",5,4,C2,Portuguese
361,Napisz e-mail ogłaszający nową politykę firmy dotyczącą pracy zdalnej.,"Szanowny Maria Wójcik, Piszę do Pana w sprawie biuro. Po przeanalizowaniu sytuacji uważam, że powinniśmy podjąć działania. Byłoby dobrze, gdybyśmy mogli to omówić w przyszłym tygodniu. Czy może Pan poinforrmować mnie, kiedy jest dostępny na krótkie spotkanie? Proponuję wtorek lub środę, ale jestem elastyczny. Z poważaniem, Maria SmartCore",2,1,B1,Polish
693,Escreva um email propondo uma nova ideia para uma campanha de marketing.,"Estimado Miguel Pereira,

À luz dos recentes desenvolvimentos relativos a o fornecedor, considero necessário apresentar-lhe uma análise abrangente da situação atual e das possíveis ações que a nossa organização pode empreender.

Da análise dos dados resulta que os resultados do último trimestre superaram as expectativas, registando um aumento de 15% na produtividade em comparação com o mesmo período do ano anterior. Isto deve-se em grande parte à implementação bem-sucedida do novo sistema e à dedicação de toda a equipa.

Contudo, existem alguns aspetos que merecem uma análise mais aprofundada, incluindo a escalabilidade da infraestrutura atual.

Com os melhores cumprimentos,
Miguel
NetPro",4,4,C1,Portuguese
879,Escreva um email propondo uma nova ideia para uma campanha de marketing.,"Estimado Miguel Pereira,

Tenho o prazer de lhe apresentar uma avaliação exaustiva de os problemas técnicos, na qual não me circunscrevo apenas à contextualização dos resultados alcançados, mas ilumino igualmente as implicações estratégicas que poderão revelar-se determinantes para a nossa orientação futura.

Os resultados do período transato constituem testemunho de um progresso notável em múltiplas frentes. A eficiência operacional registou um incremento de 23%, o que se deve não apenas à otimização dos processos de trabalho, mas também à postura proativa da nossa equipa na identificação e eliminação de ineficiências.

Seria para mim uma honra poder aprofundar estas conclusões durante o nosso próximo encontro.

Com os mais elevados cumprimentos,
Miguel
OptiSoft",5,3,C2,Portuguese
303,Scrivi un'email scusandoti per aver perso una riunione programmata.,"Gentile Elena Ricci, Le scrivo in merito a la campagna di marketing. Dopo aver esaminato la situazione, ritengo che dobbiamo prendere provvedimenti. Sarebbe opportuno se potessimo discuterne la prossima settimana. Può farmi sapere quando è disponibile per un breve incontro? Propongo martedì o mercoledì, ma sono fleessibile. Corddiali saluti, Elena TechNova",3,3,B1,Italian
662,Escreva um email pedindo desculpas por ter faltado a uma reunião agendada.,"Estimado Inês Almeida,

À luz dos recentes desenvolvimentos relativos a a política de pessoal, considero necessário apresentar-lhe uma análise abrangente da situação atual e das possíveis ações que a nossa organização pode empreender.

Da análise dos dados resulta que os resultados do último trimestre superaram as expectativas, registando um aumento de 15% na produtividade em comparação com o mesmo período do ano anterior. Isto deve-se em grande parte à implementação bem-sucedida do novo sistema e à dedicação de toda a equipa.

Contudo, existem alguns aspetos que merecem uma análise mais aprofundada, incluindo a escalabilidade da infraestrutura atual.

Com os melhores cumprimentos,
Inês
InfoBridge",4,4,C1,Portuguese
138,Napisz e-mail do zespołu z prośbą o spotkanie w przyszły wtorek w celu omówienia postępów projektu.,"Drogi Katarzyna Lewandowska, Mam Mam problem. z Czy możesz pomóc? Dziękuję. Z poważaniem",0,2,A1,Polish
87,Γράψτε ένα email στο τμήμα προμηθειών ζητώντας νέες οθόνες γραφείου.,"σας Σοφία Αλεξίου, Είμαι Σοφία. Θέλω τη συνάντηση. συνάντηση. Ευχαριστώ.",1,1,A1,Greek
564,Escreva um email anunciando uma nova política da empresa sobre trabalho remoto.,"Caro João Silva, Na sequência da nossa recente conversa sobre o serviço ao cliente, gostaria de lhe fornecer uma atualização detalhada sobre a situação atual. Fizemos progressos significativos na área da implementação. A equipa concluiu com sucesso a primeira fase e estamos agora a trabalhar na segunda. Surgiram alguns problemas menores, que já foram resolvidos. Proponho que agendemos uma reunião para a próxima semana para discutir os resultados e definir os próximos passos. Com os melhores cumprimentos, João OptiSoft",5,3,B2,Portuguese
261,Escreva um email ao seu gestor sobre uma alteração no cronograma do projeto.,"Caro Sofia Rodrigues, Estou a porque escrever preciso de ajuda com política a de pessoal. É um problema importante espero e que me possa ajudar. Fico a aguardar a sua resposta. Com os melhores cumprimentos, Sofia",2,1,A2,Portuguese
848,Scrivi un'email di follow-up dopo un precedente colloquio di lavoro.,"Egregio Andrea Colombo,

Ho il piacere di presentarle una valutazione esaustiva di la riunione, nella quale non mi limito a contestualizzare i risultati raggiunti, ma illumino altresì le implicazioni strategiche che potrebbero rivelarsi determinanti per il nostro futuro orientamento.

I risultati del periodo trascorso testimoniano un progresso notevole su molteplici fronti. L'efficienza operativa è aumentata del 23%, il che è riconducibile non soltanto all'ottimizzazione dei processi lavorativi, ma anche all'atteggiamento proattivo del nostro team nell'identificare ed eliminare le inefficienze.

Sarebbe per me un onore poter approfondire questi risultati nel corso del nostro prossimo incontro.

Distinti saluti,
Andrea
FlexiTech",5,4,C2,Italian
161,Γράψτε ένα email στον διευθυντή σας ζητώντας άδεια για την επόμενη εβδομάδα.,"Γεια σας συνάδελφοι, Θέλω να σας ενημερώσω για την εκπαίδευση. Είναι σημαντικό να το ξέρουν όλοι. Αν ερωτήσεις, έχετε ενημερώστε Ευχαριστώ, με. Σοφία",4,2,A2,Greek
586,Escreva um email ao seu gestor solicitando licença para a próxima semana.,"Caro João Silva, Na sequência da nossa recente conversa sobre o orçamento, gostaria de lhe fornecer uma atualização detalhada sobre a situação atual. Fizemos progressos significativos na área da implementação. A equipa concluiu com sucesso a primeira fase e estamos agora a trabalhar na segunda. Surgiram alguns problemas menores, que já foram resolvidos. Proponho que agendemos uma reunião para a próxima semana para discutir os resultados e definir os próximos passos. Com os melhores cumprimentos, João DataSphere",4,3,B2,Portuguese
387,Schrijf een e-mail om een klant te bedanken voor hun voortdurende samenwerking.,"Beste Tom de Groot, Ik schrijf u met betrekking tot de klantenservice. Na het bekijken van de situatie, denk ik dat we actie moeten ondernemmen. Het zou goed zijn als we dit volgende week kunnen bespreken. Kunt u mij laten weten wanneer u beschikbaar bent voor een kort overleg? Ik stel voor dinsdag of woensdag, maar ik ben flexibel. Met vriendelijke groet, Tom DataSphere",2,2,B1,Dutch
436,Escreva um email para um cliente em resposta à reclamação sobre uma entrega atrasada.,"Caro Pedro Costa, Estou a escrever-lhe a respeito de o fornecedor. Após analisar a situação, acredito que devemos tomar medidas. Seria bom se pudéssemos discutir isto na próxima semana. Pode informar-me quando está disponível para uma breve reunião? Sugiro terça ou quarta-feira, mas sou flexível. Com os melhores cumprimentos, Pedrro FlexiTech",3,2,B1,Portuguese
314,Napisz e-mail z prośbą o zwrot pieniędzy za wadliwy produkt.,"Szanowny Katarzyna Lewandowska, Piszę do Pana w sprawie problemy techniczne. Po przeanalizowaniu sytuacji uważam, że powinniśmy podjąć dziaałania. Byłoby dobrze, gdybyśmy mogli to omówić w przyszłym tygodniu. Czy mooże Pan poinformować mnie, kiedy jest dostępny na krótkie spotkanie? Proponuję wtorek lub środę, ale jestem elastyczny. Z poważaniem, Katarzyna CloudMax",2,3,B1,Polish
224,Escreva um email propondo uma nova ideia para uma campanha de marketing.,"Olá colegas, Quero informar-vos sobre problema o de qualidade. É importante que todos saibam. tiverem Se perguntas, digam-me. Obrigado, Carlos",3,2,A2,Portuguese
406,Schrijf een e-mail met een voorstel voor een nieuw marketingcampagne-idee.,"Beste collega's, Graaag wil ik u informeren over de voortgang van de vergadering. We hebben goede resultaten behaald in de afgelopen periode, hoewel er nog enkele uitdagingen zijn. De volgende stappen zijn gepland voor de komende weken. Ik verwacht dat we de deadline kunnen halen, maar ik houd u op de hoogte als er wijzigingen zijn. Met vrienndelijke groet, Bram",4,3,B1,Dutch
241,Escreva um email agradecendo a um cliente pela sua contínua colaboração.,"Olá colegas, Quero informar-vos sobre a fatura. É importante que saibam. todos Se tiverem perguntas, digam-me. Obrigado, Ricardo",2,1,A2,Portuguese
463,Schrijf een e-mail aan uw manager met het verzoek om verlof voor volgende week.,"Beste collega's, Hierbij nodig ik u uit voor onze kwartaalvergadering over de nieuwe software. De vergadering zal plaatsvinden op donderdag 15 maart om 14:00 uur in vergaderzaal 3. De agenda omvat de volgende punten: 1. Projectvoortgang en mijlpalen 2. Budgetoverzicht en financiële prognose 3. Teamuitbreiding en nieuwe aanwervingen 4. Eventuele vragen en overige punten Gelieve uw beschikbaarheid te bevestigen voor woensdag 12 maart. Indien u niet aanwezig kunt zijn, kunt u uw input vooraf per e-mail delen. Met vriendelijke groet, Tom",4,2,B2,Dutch
208,Scrivi un'email di benvenuto per un nuovo dipendente che si unisce al tuo team.,"Ciao colleghi, Voglio informarvi su il problema di qualità. È importante che tutti lo sappiano. Se avete domande, fatemi sapere. Grazie, Davide",1,3,A2,Italian
769,Scrivi un'email ringraziando un cliente per la sua continua collaborazione.,"Egregio Davide Gallo,

Ho il piacere di presentarle una valutazione esaustiva di la politica del personale, nella quale non mi limito a contestualizzare i risultati raggiunti, ma illumino altresì le implicazioni strategiche che potrebbero rivelarsi determinanti per il nostro futuro orientamento.

I risultati del periodo trascorso testimoniano un progresso notevole su molteplici fronti. L'efficienza operativa è aumentata del 23%, il che è riconducibile non soltanto all'ottimizzazione dei processi lavorativi, ma anche all'atteggiamento proattivo del nostro team nell'identificare ed eliminare le inefficienze.

Sarebbe per me un onore poter approfondire questi risultati nel corso del nostro prossimo incontro.

Distinti saluti,
Davide
InfoBridge",5,4,C2,Italian
213,Escreva um email ao seu gestor solicitando licença para a próxima semana.,"Olá colegas, Quero informar-vos sobre os problemas técnicos. É importante que todos saibam. Se tiverem perguntas, Obrigado, digam-me. Ana",2,2,A2,Portuguese
38,Scrivi un'email al tuo manager richiedendo un permesso per la prossima settimana.,"Gentile Matteo Marino, Ho un problema. aiuto aiuto con il Puoi aiutare? Grazie. Cordiali",1,2,A1,Italian
666,Schrijf een e-mail aan IT-ondersteuning over een probleem met de software-installatie.,"Geachte Sophie Visser,

Naar aanleiding van de recente ontwikkelingen rondom de nieuwe software, acht ik het noodzakelijk om u een uitgebreide analyse te presenteren van de huidige situatie en de mogelijke stappen die wij als organisatie kunnen ondernemen.

Uit de data-analyse blijkt dat de resultaten van het afgelopen kwartaal de verwachtingen hebben overtroffen, met een stijging van 15% in productiviteit ten opzichte van dezelfde periode vorig jaar. Dit is grotendeels te danken aan de succesvolle implementatie van het nieuwe systeem en de toewijding van het gehele team.

Desalniettemin zijn er enkele aandachtspunten die nadere beschouwing verdienen. Ten eerste, de schaalbaarheid van de huidige infrastructuur kan een knelpunt vormen bij verdere groei. Ten tweede, de integratie met externe systemen verloopt trager dan oorspronkelijk gepland.

Ik zou willen voorstellen dat wij een strategische sessie organiseren om deze punten te bespreken en een concreet actieplan op te stellen.

Met vriendelijke groet,
Sophie
SmartCore",4,4,C1,Dutch
863,Napisz e-mail będący kontynuacją poprzedniej rozmowy kwalifikacyjnej.,"Szanowny Panie Katarzyna Lewandowska,

Z przyjemnością przedstawiam Panu kompleksową ocenę nowe oprogramowanie, w której nie ograniczam się jedynie do kontekstualizacji osiągniętych wyników, lecz jednocześnie rzucam światło na implikacje strategiczne, które mogą okazać się decydujące dla naszego przyszłego kierunku rozwoju.

Wyniki minionego okresu stanowią świadectwo godnego uwagi postępu na wielu frontach. Efektywność operacyjna wzrosła o 23%, co jest wynikiem nie tylko optymalizacji procesów roboczych, ale również proaktywnej postawy naszego zespołu w identyfikowaniu i eliminowaniu nieefektywności.

Byłoby mi niezmiernie miło móc omówić te ustalenia podczas naszego najbliższego spotkania.

Z wyrazami najwyższego szacunku,
Katarzyna
DigiWave",5,4,C2,Polish
654,Γράψτε ένα email ευχαριστώντας έναν πελάτη για τη συνεχή συνεργασία.,"Αξιότιμε Κατερίνα Χρήστου,

Λαμβάνοντας υπόψη τις πρόσφατες εξελίξεις σχετικά με την εκστρατεία μάρκετινγκ, κρίνω απαραίτητο να σας παρουσιάσω μια εκτενή ανάλυση της τρέχουσας κατάστασης και των πιθανών ενεργειών που μπορούμε να αναλάβουμε ως οργανισμός.

Από την ανάλυση των δεδομένων προκύπτει ότι τα αποτελέσματα του προηγούμενου τριμήνου ξεπέρασαν τις προσδοκίες, με αύξηση 15% στην παραγωγικότητα σε σύγκριση με την αντίστοιχη περίοδο του προηγούμενου έτους.

Ωστόσο, υπάρχουν ορισμένα σημεία που χρήζουν περαιτέρω εξέτασης. Πρώτον, η επεκτασιμότητα της τρέχουσας υποδομής ενδέχεται να αποτελέσει σημείο συμφόρησης.

Με εκτίμηση,
Κατερίνα
InfoBridge",5,4,C1,Greek
411,Schrijf een e-mail om een softwarefout te melden aan het ontwikkelingsteam.,"Beste Maria Timmers, Bedankt voor uw bericht over het project. Ik heb de informatie bestudeerd en heb enkele opmerkingen die ik graag met u wil delen. Ten eerste, ik denk dat we het budget opnieuw moeten bekijken. Ten tweede, de tijdlijn moet aangepast worden. Kunt u mij hier feedback over geven? Met vriendelijke groet, Maria",3,3,B1,Dutch
596,Escreva um email propondo uma nova ideia para uma campanha de marketing.,"Caro Sofia Rodrigues, Na sequência da nossa recente conversa sobre a fatura, gostaria de lhe fornecer uma atualização detalhada sobre a situação atual. Fizemos progressos significativos na área da implementação. A equipa concluiu com sucesso a primeira fase e estamos agora a trabalhar na segunda. Surgiram alguns problemas menores, que já foram resolvidos. Proponho que agendemos uma reunião para a próxima semana para discutir os resultados e definir os próximos passos. Com os melhores cumprimentos, Sofia DataSphere",3,2,B2,Portuguese
275,Schrijf een e-mail met een projectstatusupdate voor de kwartaalbespreking.,"Beste collega's, Ik wil jullie informeren het over kantoor. Het is belangrijk dat dit iedereen weet. Als er vragen zijn, laat het mij weten. Groetjes, Maria",3,1,A2,Dutch
486,Escreva um email de boas-vindas para um novo funcionário que se junta à sua equipa.,"Caro Miguel Pereira, Na sequência da nossa recente conversa sobre o atraso, gostaria de lhe fornecer uma atualização detalhada sobre a situação atual. Fizemos progressos significativos na área da implementação. A equipa concluiu com sucesso a primeira fase e estamos agora a trabalhar na segunda. Surgiram alguns problemas menores, que já foram resolvidos. Proponho que agendemos uma reunião para a próxima semana para discutir os resultados e definir os próximos passos. Com os melhores cumprimentos, Miguel TechNova",3,3,B2,Portuguese
507,Napisz e-mail z przeprosinami za nieobecność na zaplanowanym spotkaniu.,"Szanowny Magdalena Dąbrowska, W nawiązaniu do naszej ostatniej rozmowy na temat budżet, chciałbym przedstawić Panu szczegółową aktualizację obecnego stanu rzeczy. Poczyniliśmy znaczące postępy w zakresie wdrożenia. Zespół pomyślnie zakończył pierwszy etap i obecnie jesteśmy w trakcie realizacji drugiego. Wystąpiło kilka drobnych problemów, które zostały już rozwiązane. Proponuję, abyśmy zaplanowali spotkanie w przyszłym tygodniu w celu omówienia wyników i ustalenia kolejnych kroków. Z poważaniem, Magdalena OptiSoft",4,3,B2,Polish
495,Scrivi un'email al tuo manager riguardo un cambiamento nella tempistica del progetto.,"Gentile Giulia Bianchi, In seguito alla nostra recente conversazione riguardo a il nuovo software, desidero fornirle un aggiornamento dettagliato sullo stato attuale della situazione. Abbiamo compiuto progressi significativi nell'ambito dell'implementazione. Il team ha complettato con successo la prima fase e siamo attualmente impegnati nella seconda. Si sono verificati alcuni problemi minori, che sono stati nel frattempo risolti. Propongo di programmare un incontro la prossima settimana per discutere i risultati e definire i prossimi passi. Cordiali saluti, Giulia OptiSoft",4,3,B2,Italian
539,Scrivi un'email al tuo manager riguardo un cambiamento nella tempistica del progetto.,"Gentile Francesca Romano, In seguito alla nostra recente conversazione riguardo a il nuovo software, desidero fornirle un aggiornamento dettagliato sullo stato attuale della situazione. Abbiamo compiuto progressi significativi nell'ambito dell'implementazione. Il team ha completato con successo la prima fase e siamo attualmente impegnati nella seconda. Si sono verificati alcuni problemi minori, che sono stati nel frattempo risolti. Propongo di programmare un incontro la prossima settimana per discutere i risultati e definire i prossimi passi. Cordiali saluti, Francesca DataSphere",5,3,B2,Italian
383,Escreva um email ao seu gestor sobre uma alteração no cronograma do projeto.,"Caro Ana Ferreira, Estou a escrever-lhe a respeito de a reunião. Após analisar a situação, acredito que devemos tomar medidas. Seria bom se pudéssemos discutir isto na próxima semanna. Pode informar-me quando está disponível para uma brreve reunião? Sugiro terça ou quarta-feira, mas sou flexível. Com os melhores cumprimentos, Ana DataSphere",2,3,B1,Portuguese
330,Scrivi un'email per segnalare un bug software al team di sviluppo.,"Gentile Luca Ferrari, Le scrivo in merito a il nuovo software. Dopo aver esaminato la situazione, ritengo che dobbiamo prendere provvedimenti. Sarebbe opportuno se potessimo discuterne la prossima settimana. Può farmi sapere quando è disponibile per un breve incontro? Propongo martedì o mercoledì, ma sono flessibile. Cordiali saluti, Luca DigiWave",2,2,B1,Italian
184,Napisz e-mail do wsparcia IT dotyczący problemu z instalacją oprogramowania.,"Drogi Agnieszka Szymańska, Piszę do Pana, ponieważ potrzebuję pomocy z szkolenie. jest To ważny problem i mam nadzieję, że może mi pomóc. Pan Czekam na odpowiedź. Z poważaniem, Agnieszka",2,1,A2,Polish
476,Escreva um email de boas-vindas para um novo funcionário que se junta à sua equipa.,"Caro Sofia Rodrigues, Na sequência da nossa recente conversa sobre o fornecedor, gostaria de lhe fornecer uma atualização detalhada sobre a situação atual. Fizemos progressos significativos na área da implementação. A equipa concluiu com sucesso a primeira fase e estamos agora a trabalhar na segunda. Surgiram alguns problemas menores, que já foram resolvidos. Proponho que agendemos uma reunião para a próxima semana para discutir os resultados e definir os próximos passos. Com os melhores cumprimentos, Sofia CyberLink",3,4,B2,Portuguese
532,Scrivi un'email al supporto IT riguardo un problema di installazione software.,"Gentile Francesca Romano, In seguito alla nostra recente conversazione riguardo a la fattura, desidero fornirle un aggiornamento dettagliato sullo stato attuale della situazione. Abbiamo compiuto progressi significativi nell'ambito dell'implementazione. Il team ha completato con successo la prima fase e siamo attualmente impegnati nella seconda. Si sono verificati alcuni problemi minori, che sono stati nel frattempo risolti. Propongo di programmare un incontro la prossima settimana per discutere i risultati e definire i prossimi passi. Cordiali saluti, Francesca InfoBridge",5,3,B2,Italian
511,Γράψτε ένα email αναφέροντας ένα σφάλμα λογισμικού στην ομάδα ανάπτυξης.,"Αγαπητέ Κατερίνα Χρήστου, Σε συνέχεια της πρόσφατης συζήτησής μας σχετικά με το πρόβλημα ποιότητας, θα ήθελα να σας ενημερώσω λεπτομερώς για την τρέχουσα κατάσταση. Έχουμε σημειώσει σημαντική πρόοδο στον τομέα της υλοποίησης. Η ομάδα ολοκλήρωσε επιτυχώς το πρώτο στάδιο και βρισκόμαστε τώρα στο δεύτερο. Αντιμετωπίσαμε ορισμένα μικρά προβλήματα, τα οποία έχουν πλέον επιλυθεί. Προτείνω να προγραμματίσουμε μια συνάντηση την επόμενη εβδομάδα για να συζητήσουμε τα αποτελέσματα. Με εκτίμηση, Κατερίνα CloudMax",3,3,B2,Greek
728,Γράψτε ένα email στον διευθυντή σας σχετικά με αλλαγή στο χρονοδιάγραμμα του έργου.,"Αξιότιμε Πέτρος Ιωάννου,

Λαμβάνοντας υπόψη τις πρόσφατες εξελίξεις σχετικά με την εκστρατεία μάρκετινγκ, κρίνω απαραίτητο να σας παρουσιάσω μια εκτενή ανάλυση της τρέχουσας κατάστασης και των πιθανών ενεργειών που μπορούμε να αναλάβουμε ως οργανισμός.

Από την ανάλυση των δεδομένων προκύπτει ότι τα αποτελέσματα του προηγούμενου τριμήνου ξεπέρασαν τις προσδοκίες, με αύξηση 15% στην παραγωγικότητα σε σύγκριση με την αντίστοιχη περίοδο του προηγούμενου έτους.

Ωστόσο, υπάρχουν ορισμένα σημεία που χρήζουν περαιτέρω εξέτασης. Πρώτον, η επεκτασιμότητα της τρέχουσας υποδομής ενδέχεται να αποτελέσει σημείο συμφόρησης.

Με εκτίμηση,
Πέτρος
CyberLink",4,3,C1,Greek
886,Napisz e-mail zgłaszający błąd oprogramowania do zespołu programistów.,"Szanowny Panie Anna Nowak,

Z przyjemnością przedstawiam Panu kompleksową ocenę nowe oprogramowanie, w której nie ograniczam się jedynie do kontekstualizacji osiągniętych wyników, lecz jednocześnie rzucam światło na implikacje strategiczne, które mogą okazać się decydujące dla naszego przyszłego kierunku rozwoju.

Wyniki minionego okresu stanowią świadectwo godnego uwagi postępu na wielu frontach. Efektywność operacyjna wzrosła o 23%, co jest wynikiem nie tylko optymalizacji procesów roboczych, ale również proaktywnej postawy naszego zespołu w identyfikowaniu i eliminowaniu nieefektywności.

Byłoby mi niezmiernie miło móc omówić te ustalenia podczas naszego najbliższego spotkania.

Z wyrazami najwyższego szacunku,
Anna
FlexiTech",5,4,C2,Polish
661,Γράψτε ένα email στον διευθυντή σας σχετικά με αλλαγή στο χρονοδιάγραμμα του έργου.,"Αξιότιμε Δημήτρης Γεωργίου,

Λαμβάνοντας υπόψη τις πρόσφατες εξελίξεις σχετικά με το πρόβλημα ποιότητας, κρίνω απαραίτητο να σας παρουσιάσω μια εκτενή ανάλυση της τρέχουσας κατάστασης και των πιθανών ενεργειών που μπορούμε να αναλάβουμε ως οργανισμός.

Από την ανάλυση των δεδομένων προκύπτει ότι τα αποτελέσματα του προηγούμενου τριμήνου ξεπέρασαν τις προσδοκίες, με αύξηση 15% στην παραγωγικότητα σε σύγκριση με την αντίστοιχη περίοδο του προηγούμενου έτους.

Ωστόσο, υπάρχουν ορισμένα σημεία που χρήζουν περαιτέρω εξέτασης. Πρώτον, η επεκτασιμότητα της τρέχουσας υποδομής ενδέχεται να αποτελέσει σημείο συμφόρησης.

Με εκτίμηση,
Δημήτρης
InfoBridge",4,4,C1,Greek
398,Schrijf een e-mail naar een klant als reactie op hun klacht over een vertraagde levering.,"Beste Sophie Visser, Bedankt voor uw bericht over het project. Ik heb de informatie bestudeerd en heb enkele opmerkingen die ik graag met u wil delen. Ten eerste, ik denk dat we het budget opnieuw moeten bekijken. Ten tweede, de tijdlijn moet aangepast worden. Kunt u mij hiier feedback over geven? Met vriendelijke groet, Sophie",4,2,B1,Dutch
827,Escreva um email de anúncio de RH sobre o dia desportivo anual da empresa.,"Estimado Inês Almeida,

Tenho o prazer de lhe apresentar uma avaliação exaustiva de a política de pessoal, na qual não me circunscrevo apenas à contextualização dos resultados alcançados, mas ilumino igualmente as implicações estratégicas que poderão revelar-se determinantes para a nossa orientação futura.

Os resultados do período transato constituem testemunho de um progresso notável em múltiplas frentes. A eficiência operacional registou um incremento de 23%, o que se deve não apenas à otimização dos processos de trabalho, mas também à postura proativa da nossa equipa na identificação e eliminação de ineficiências.

Seria para mim uma honra poder aprofundar estas conclusões durante o nosso próximo encontro.

Com os mais elevados cumprimentos,
Inês
CyberLink",5,4,C2,Portuguese
172,Napisz e-mail z przeprosinami za nieobecność na zaplanowanym spotkaniu.,"Witam kolegów, Chcę was poinformować o opóźnienie. To jest ważne, żeby wszyscy wiedzieli. Jeśli pytania, macie mi dajcie znać. Dziękuję, Agnieszka",4,2,A2,Polish
767,Napisz e-mail do zespołu z prośbą o spotkanie w przyszły wtorek w celu omówienia postępów projektu.,"Szanowny Panie Agnieszka Szymańska,

Z przyjemnością przedstawiam Panu kompleksową ocenę kampanię marketingową, w której nie ograniczam się jedynie do kontekstualizacji osiągniętych wyników, lecz jednocześnie rzucam światło na implikacje strategiczne, które mogą okazać się decydujące dla naszego przyszłego kierunku rozwoju.

Wyniki minionego okresu stanowią świadectwo godnego uwagi postępu na wielu frontach. Efektywność operacyjna wzrosła o 23%, co jest wynikiem nie tylko optymalizacji procesów roboczych, ale również proaktywnej postawy naszego zespołu w identyfikowaniu i eliminowaniu nieefektywności.

Byłoby mi niezmiernie miło móc omówić te ustalenia podczas naszego najbliższego spotkania.

Z wyrazami najwyższego szacunku,
Agnieszka
TechNova",5,3,C2,Polish
630,Schrijf een e-mail om een klant te herinneren aan een naderende factuurdeadline.,"Geachte Tom de Groot,

Naar aanleiding van de recente ontwikkelingen rondom het budget, acht ik het noodzakelijk om u een uitgebreide analyse te presenteren van de huidige situatie en de mogelijke stappen die wij als organisatie kunnen ondernemen.

Uit de data-analyse blijkt dat de resultaten van het afgelopen kwartaal de verwachtingen hebben overtroffen, met een stijging van 15% in productiviteit ten opzichte van dezelfde periode vorig jaar. Dit is grotendeels te danken aan de succesvolle implementatie van het nieuwe systeem en de toewijding van het gehele team.

Desalniettemin zijn er enkele aandachtspunten die nadere beschouwing verdienen. Ten eerste, de schaalbaarheid van de huidige infrastructuur kan een knelpunt vormen bij verdere groei. Ten tweede, de integratie met externe systemen verloopt trager dan oorspronkelijk gepland.

Ik zou willen voorstellen dat wij een strategische sessie organiseren om deze punten te bespreken en een concreet actieplan op te stellen.

Met vriendelijke groet,
Tom
DataSphere",4,4,C1,Dutch
680,Scrivi un'email invitando i colleghi a un evento di networking.,"Egregio Elena Ricci,

Alla luce dei recenti sviluppi inerenti a il nuovo software, ritengo opportuno presentarle un'analisi approfondita della situazione corrente e delle possibili azioni che la nostra organizzazione potrebbe intraprendere.

Dall'analisi dei dati emerge che i risultati dell'ultimo trimestre hanno superato le aspettative, registrando un incremento del 15% nella produttività rispetto allo stesso periodo dell'anno precedente. Ciò è in gran parte attribuibile alla riuscita implementazione del nuovo sistema e alla dedizione dell'intero team.

Tuttavia, vi sono alcuni aspetti che meritano un'attenta valutazione, tra cui la scalabilità dell'infrastruttura attuale.

Cordiali saluti,
Elena
SmartCore",4,4,C1,Italian
482,Schrijf een e-mail om een klant te bedanken voor hun voortdurende samenwerking.,"Beste collega's, Hierbij nodig ik u uit voor onze kwartaalvergadering over de klantenservice. De vergadering zal plaatsvinden op donderdag 15 maart om 14:00 uur in vergaderzaal 3. De agenda omvat de volgende punten: 1. Projectvoortgang en mijlpalen 2. Budgetoverzicht en financiële prognose 3. Teamuitbreiding en nieuwe aanwervingen 4. Eventuele vragen en overige punten Gelieve uw beschikbaarheid te bevestigen voor woensdag 12 maart. Indien u niet aanwezig kunt zijn, kunt u uw input vooraf per e-mail delen. Met vriendelijke groet, Lisa",3,3,B2,Dutch
84,Napisz e-mail proponujący nowy pomysł na kampanię marketingową.,Jestem nowy. nowy.,1,2,A1,Polish
215,Napisz e-mail z przeprosinami za nieobecność na zaplanowanym spotkaniu.,"Witam kolegów, Chcę was poinformować obsługę o klienta. To jest ważne, żeby wszyscy wiedzieli. Jeśli macie pytania, mi dajcie znać. Dziękuję, Marek",3,1,A2,Polish
501,Schrijf een e-mail aan uw team met het verzoek om een vergadering volgende dinsdag om de projectvoortgang te bespreken.,"Beste collega's, Hierbij nodig ik u uit voor onze kwartaalvergadering over de marketingcampagne. De vergadering zal plaatsvinden op donderdag 15 maart om 14:00 uur in vergaderzaal 3. De agenda omvat de volgende punten: 1. Projectvoortgang en mijlpalen 2. Budgetoverzicht en financiële prognose 3. Teamuitbreiding en nieuwe aanwervingen 4. Eventuele vragen en overige punten Gelieve uw beschikbaarheid te bevestigen voor woensdag 12 maart. Indien u niet aanwezig kunt zijn, kunt u uw input vooraf per e-mail delen. Met vriendelijke groet, Maria",5,3,B2,Dutch
870,Γράψτε ένα email στον διευθυντή σας ζητώντας άδεια για την επόμενη εβδομάδα.,"Αξιότιμε Ελένη Κωνσταντίνου,

Με ιδιαίτερη ικανοποίηση σας παρουσιάζω μια εμπεριστατωμένη αξιολόγηση του την κυκλοφορία προϊόντος, στην οποία δεν περιορίζομαι μόνο στην ανάδειξη των επιτευγμάτων μας, αλλά φωτίζω ταυτόχρονα τις στρατηγικές προεκτάσεις που δύνανται να καθορίσουν την μελλοντική μας πορεία.

Τα αποτελέσματα της παρελθούσας περιόδου αποτελούν τεκμήριο αξιοσημείωτης προόδου σε πολλαπλά μέτωπα. Η λειτουργική αποδοτικότητα αυξήθηκε κατά 23%, γεγονός που οφείλεται τόσο στη βελτιστοποίηση των εργασιακών διαδικασιών όσο και στην προδραστική στάση της ομάδας μας.

Θα ήταν τιμή μου να συζητήσουμε αυτά τα ευρήματα κατά τη διάρκεια της επερχόμενης συνάντησής μας.

Με τιμή,
Ελένη
OptiSoft",4,4,C2,Greek
521,Napisz e-mail zgłaszający błąd oprogramowania do zespołu programistów.,"Szanowny Maria Wójcik, W nawiązaniu do nasszej ostatniej rozmowy na temat nowe oprogramowanie, chciałbym przedstawić Panu szczegółową aktualizację obecnego stanu rzeczy. Poczyniliśmy znaczące postępy w zakresie wdrożenia. Zespół pomyślnie zakończył pierwszy etap i obecnie jesteśmy w trakcie realizacji drugiego. Wystąpiło kilka drobnych problemów, które zostały już rozwiązane. Proponuję, abyśmy zaplanowali spotkanie w przyszłym tygodniu w celu omówienia wyników i ustalenia kolejnych kroków. Z poważaniem, Maria SmartCore",4,3,B2,Polish
888,Escreva um email para a sua equipa solicitando uma reunião na próxima terça-feira para discutir o progresso do projeto.,"Estimado João Silva,

Tenho o prazer de lhe apresentar uma avaliação exaustiva de o lançamento do produto, na qual não me circunscrevo apenas à contextualização dos resultados alcançados, mas ilumino igualmente as implicações estratégicas que poderão revelar-se determinantes para a nossa orientação futura.

Os resultados do período transato constituem testemunho de um progresso notável em múltiplas frentes. A eficiência operacional registou um incremento de 23%, o que se deve não apenas à otimização dos processos de trabalho, mas também à postura proativa da nossa equipa na identificação e eliminação de ineficiências.

Seria para mim uma honra poder aprofundar estas conclusões durante o nosso próximo encontro.

Com os mais elevados cumprimentos,
João
DigiWave",5,4,C2,Portuguese
287,Escreva um email pedindo desculpas por ter faltado a uma reunião agendada.,"Olá colegas, Quero sobre informar-vos a reunião. É importante que todos saibam. Se tiverem perguntas, digam-me. Obrigado, João",2,2,A2,Portuguese
645,Γράψτε ένα email στην ομάδα σας ζητώντας μια συνάντηση την επόμενη Τρίτη για να συζητήσετε την πρόοδο του έργου.,"Αξιότιμε Σοφία Αλεξίου,

Λαμβάνοντας υπόψη τις πρόσφατες εξελίξεις σχετικά με το νέο λογισμικό, κρίνω απαραίτητο να σας παρουσιάσω μια εκτενή ανάλυση της τρέχουσας κατάστασης και των πιθανών ενεργειών που μπορούμε να αναλάβουμε ως οργανισμός.

Από την ανάλυση των δεδομένων προκύπτει ότι τα αποτελέσματα του προηγούμενου τριμήνου ξεπέρασαν τις προσδοκίες, με αύξηση 15% στην παραγωγικότητα σε σύγκριση με την αντίστοιχη περίοδο του προηγούμενου έτους.

Ωστόσο, υπάρχουν ορισμένα σημεία που χρήζουν περαιτέρω εξέτασης. Πρώτον, η επεκτασιμότητα της τρέχουσας υποδομής ενδέχεται να αποτελέσει σημείο συμφόρησης.

Με εκτίμηση,
Σοφία
InfoBridge",4,3,C1,Greek
55,Scrivi un'email al supporto IT riguardo un problema di installazione software.,"Ciao Chiara Conti, Io sono Chiara. Chiara.",2,1,A1,Italian
254,Escreva um email ao seu gestor sobre uma alteração no cronograma do projeto.,"Caro Inês Almeida, Estou a escrever porque preciso de com ajuda o escritório. É um problema importante e espero que me possa Fico ajudar. a aguardar a sua resposta. Com os melhores Inês cumprimentos,",2,2,A2,Portuguese
336,Scrivi un'email di annuncio HR sulla giornata sportiva annuale dell'azienda.,"Gentile Chiara Conti, Le scrivo in merito a il nuovo software. Dopo aver esaminato la situazione, ritengo che dobbiamo prendere provvedimenti. Sarebbe opportuno se potessimo discuterne la prossima settimana. Può farmi sapere quando è disponibile per un breve incontro? Propongo martedì o mercoleedì, ma sono flessibile. Cordiali saluti, Chiara TechNova",3,2,B1,Italian
153,Schrijf een e-mail aan uw team met het verzoek om een vergadering volgende dinsdag om de projectvoortgang te bespreken.,"Beste collega's, Ik wil informeren jullie over de factuur. Het is belangrijk dat iedereen dit weet. Als er vragen laat zijn, het mij weten. Groetjes, Sophie",1,1,A2,Dutch
302,Escreva um email para um cliente em resposta à reclamação sobre uma entrega atrasada.,"Caro Ricarddo Martins, Estou a escrever-lhe a respeito de o novo software. Após analisar a situação, acredito que devemos tomar medidas. Seria bom se pudéssemos discutir issto na próxima semana. Pode informar-me quando está disponível para uma breve reunião? Sugiro terça ou quarta-feira, mas sou flexível. Com os melhores cumprimentos, Ricardo CloudMax",4,4,B1,Portuguese
549,Scrivi un'email al tuo manager richiedendo un permesso per la prossima settimana.,"Gentile Luca Ferrari, In seguito alla nostra recente conversazione riguardo a i problemi tecnici, desidero fornirle un aggiornamento dettagliato sullo stato attuale della situazione. Abbiamo compiuto progressi significativi nell'ambito dell'implementazione. Il team ha completato con successo la prima fase e siamo attualmente impegnati nella seconda. Si sono verificati alcuni problemi minori, che sono stati nel frattempo risolti. Propongo di programmare un incontro la prossima settimana per discutere i risultati e definire i prossimi passi. Cordiali saluti, Luca DataSphere",4,2,B2,Italian
831,Schrijf een e-mail met een voorstel voor een nieuw marketingcampagne-idee.,"Geachte Jan de Vries,

Met genoegen presenteer ik u hierbij een uitvoerige evaluatie van het personeelsbeleid, waarbij ik niet alleen de bereikte resultaten in perspectief plaats, maar tevens de strategische implicaties belicht die van doorslaggevend belang kunnen zijn voor onze toekomstige koers.

De resultaten van de afgelopen periode getuigen van een opmerkelijke vooruitgang op meerdere fronten. De operationele efficiëntie is met 23% toegenomen, hetgeen niet alleen te danken is aan de geoptimaliseerde werkprocessen, maar ook aan de proactieve houding van ons team bij het identificeren en elimineren van inefficiënties.

Wat betreft de technologische infrastructuur hebben wij een solide fundament gelegd waarop toekomstige innovaties kunnen worden gebouwd. De architectuur is zodanig ontworpen dat deze schaalbaar en toekomstbestendig is, waardoor wij flexibel kunnen inspelen op veranderende marktomstandigheden.

Ik nodig u van harte uit om deze bevindingen tijdens ons aanstaande overleg nader te bespreken, zodat wij gezamenlijk de meest optimale strategie kunnen formuleren.

Hoogachtend,
Jan
CloudMax",4,4,C2,Dutch
602,Escreva um email ao departamento de compras solicitando novos monitores de escritório.,"Estimado Pedro Costa,

À luz dos recentes desenvolvimentos relativos a o serviço ao cliente, considero necessário apresentar-lhe uma análise abrangente da situação atual e das possíveis ações que a nossa organização pode empreender.

Da análise dos dados resulta que os resultados do último trimestre superaram as expectativas, registando um aumento de 15% na produtividade em comparação com o mesmo período do ano anterior. Isto deve-se em grande parte à implementação bem-sucedida do novo sistema e à dedicação de toda a equipa.

Contudo, existem alguns aspetos que merecem uma análise mais aprofundada, incluindo a escalabilidade da infraestrutura atual.

Com os melhores cumprimentos,
Pedro
FlexiTech",4,3,C1,Portuguese
819,Escreva um email com uma atualização do estado do projeto para a revisão trimestral.,"Estimado João Silva,

Tenho o prazer de lhe apresentar uma avaliação exaustiva de o serviço ao cliente, na qual não me circunscrevo apenas à contextualização dos resultados alcançados, mas ilumino igualmente as implicações estratégicas que poderão revelar-se determinantes para a nossa orientação futura.

Os resultados do período transato constituem testemunho de um progresso notável em múltiplas frentes. A eficiência operacional registou um incremento de 23%, o que se deve não apenas à otimização dos processos de trabalho, mas também à postura proativa da nossa equipa na identificação e eliminação de ineficiências.

Seria para mim uma honra poder aprofundar estas conclusões durante o nosso próximo encontro.

Com os mais elevados cumprimentos,
João
InfoBridge",4,4,C2,Portuguese
48,Schrijf een e-mail aan IT-ondersteuning over een probleem met de software-installatie.,"Beste team, Ik over het kwaliteitsprobleem. Het is is Kunt u Bedankt.",2,0,A1,Dutch
251,Napisz e-mail zapraszający kolegów na wydarzenie networkingowe.,"Witam kolegów, Chcę was poinformować o kampanię marketingową. To jest ważne, żeby wszyscy wiedzieli. Jeśli macie pytania, mi dajcie Dziękuję, znać. Krzysztof",2,3,A2,Polish
652,Scrivi un'email al tuo manager richiedendo un permesso per la prossima settimana.,"Egregio Andrea Colombo,

Alla luce dei recenti sviluppi inerenti a la formazione, ritengo opportuno presentarle un'analisi approfondita della situazione corrente e delle possibili azioni che la nostra organizzazione potrebbe intraprendere.

Dall'analisi dei dati emerge che i risultati dell'ultimo trimestre hanno superato le aspettative, registrando un incremento del 15% nella produttività rispetto allo stesso periodo dell'anno precedente. Ciò è in gran parte attribuibile alla riuscita implementazione del nuovo sistema e alla dedizione dell'intero team.

Tuttavia, vi sono alcuni aspetti che meritano un'attenta valutazione, tra cui la scalabilità dell'infrastruttura attuale.

Cordiali saluti,
Andrea
CloudMax",4,3,C1,Italian
440,Scrivi un'email al supporto IT riguardo un problema di installazione software.,"Gentile Chiara Conti, Le scrivo in merito a il servizio clienti. Dopo aver esaminato la situazione, ritengo che dobbiamo prendere provvedimenti. Sarebbe opportuno se potessimo discuterne la prosssima settimana. Può farmi sapere quando è disponibile per un breve incontro? Propongo martedì o mercoledì, ma sono flessibile. Cordiali saluti, Chiara NetPro",3,2,B1,Italian
614,Scrivi un'email con un aggiornamento sullo stato del progetto per la revisione trimestrale.,"Egregio Marco Rossi,

Alla luce dei recenti sviluppi inerenti a il lancio del prodotto, ritengo opportuno presentarle un'analisi approfondita della situazione corrente e delle possibili azioni che la nostra organizzazione potrebbe intraprendere.

Dall'analisi dei dati emerge che i risultati dell'ultimo trimestre hanno superato le aspettative, registrando un incremento del 15% nella produttività rispetto allo stesso periodo dell'anno precedente. Ciò è in gran parte attribuibile alla riuscita implementazione del nuovo sistema e alla dedizione dell'intero team.

Tuttavia, vi sono alcuni aspetti che meritano un'attenta valutazione, tra cui la scalabilità dell'infrastruttura attuale.

Cordiali saluti,
Marco
FlexiTech",4,4,C1,Italian
326,Escreva um email propondo uma nova ideia para uma campanha de marketing.,"Caro Beatriz Sousa, Estou a escrever-lhe a respeito de os problemas técnicos. Após analisar a situação, acredito que devemos tomar medidas. Seriia bom se pudéssemos discutir isto na próxima semana. Pode informar-me quando está disponível para uma breve reunião? Sugiro terça ou quarta-feira, mas sou flexível. Com os melhores cumprimentos, Beatriz DataSphere",2,3,B1,Portuguese
384,Napisz e-mail do zespołu z prośbą o spotkanie w przyszły wtorek w celu omówienia postępów projektu.,"Szanowwny Anna Nowak, Piszę do Pana w sprawie biuro. Po przeanalizowaniu sytuacji uważam, że powinniśmy podjąć działania. Byłoby dobrze, gdybyśmy mogli to omówić w przyszłym tygodniu. Czy może Pan poinformować mnie, kiedy jest dostępny na krrótkie spotkanie? Proponuję wtorek lub środę, ale jestem elastyczny. Z poważaniem, Anna DigiWave",3,4,B1,Polish
828,Schrijf een HR-aankondigingsmail over de jaarlijkse sportdag van het bedrijf.,"Geachte Bram Mulder,

Met genoegen presenteer ik u hierbij een uitvoerige evaluatie van de leverancier, waarbij ik niet alleen de bereikte resultaten in perspectief plaats, maar tevens de strategische implicaties belicht die van doorslaggevend belang kunnen zijn voor onze toekomstige koers.

De resultaten van de afgelopen periode getuigen van een opmerkelijke vooruitgang op meerdere fronten. De operationele efficiëntie is met 23% toegenomen, hetgeen niet alleen te danken is aan de geoptimaliseerde werkprocessen, maar ook aan de proactieve houding van ons team bij het identificeren en elimineren van inefficiënties.

Wat betreft de technologische infrastructuur hebben wij een solide fundament gelegd waarop toekomstige innovaties kunnen worden gebouwd. De architectuur is zodanig ontworpen dat deze schaalbaar en toekomstbestendig is, waardoor wij flexibel kunnen inspelen op veranderende marktomstandigheden.

Ik nodig u van harte uit om deze bevindingen tijdens ons aanstaande overleg nader te bespreken, zodat wij gezamenlijk de meest optimale strategie kunnen formuleren.

Hoogachtend,
Bram
TechNova",4,4,C2,Dutch
388,Γράψτε ένα email ανακοινώνοντας νέα εταιρική πολιτική για τηλεργασία.,"Αγαπητέ Μαρία Αντωνίου, Σας γράφω σχετικά με το έργο. Μετά την εξέταση της κατάστασης, πιστεύω ότι πρέπει να αναλάβουμε δράση. Θα ήταν καλό αν μπορούσαμε να το συζητήσουμε την επόμενη εβδομάδα. Μπορείτε να μου πείτε πότε είστε διαθέσιμος για μια σύντομη συνάντηση; Προτείνω Τρίτη ή Τετάρτη, αλλά είμαι ευέλικτος. Με εκτίμηση, Μαρία DigiWave",3,3,B1,Greek
546,Γράψτε ένα email ανακοίνωσης HR για την ετήσια αθλητική ημέρα της εταιρείας.,"Αγαπητέ Νίκος Δημητρίου, Σε συνέχεια της πρόσφατης συζήτησής μας σχετικά με την καθυστέρηση, θα ήθελα να σας ενημερώσω λεπτομερώς για την τρέχουσα κατάσταση. Έχουμε σημειώσει σημαντική πρόοδο στον τομέα της υλοποίησης. Η ομάδα ολοκλήρωσε επιτυχώς το πρώτο στάδιο και βρισκόμαστε τώρα στο δεύτερο. Αντιμετωπίσαμε ορισμένα μικρά προβλήματα, τα οποία έχουν πλέον επιλυθεί. Προτείνω να προγραμματίσουμε μια συνάντηση την επόμενη εβδομάδα για να συζητήσουμε τα αποτελέσματα. Με εκτίμηση, Νίκος DataSphere",5,3,B2,Greek
197,Schrijf een e-mail om uw excuses aan te bieden voor het missen van een geplande vergadering.,"Beste collega's, Ik wil jullie informeren over klantenservice. de Het is belangrijk dat iedereen weet. dit Als er vragen zijn, laat het mij weten. Groetjes, Anna",2,1,A2,Dutch
195,Scrivi un'email a un fornitore richiedendo un preventivo per materiali all'ingrosso.,"Ciao colleghi, Voglio informarvi su il problema di qualità. importante È che tutti lo sappiano. Se avete domande, sapere. fatemi Grazie, Luca",2,1,A2,Italian
134,Escreva um email de boas-vindas para um novo funcionário que se junta à sua equipa.,"Caro João Silva, Tenho problema. Quero com formação. Pode ajudar? Obrigado. Atenciosamente Atenciosamente",1,0,A1,Portuguese
148,Γράψτε ένα email προσκαλώντας συναδέλφους σε εκδήλωση δικτύωσης.,"Γεια σας Αθηνά Σταθοπούλου, Είμαι Αθηνά. την καθυστέρηση. καθυστέρηση. Ευχαριστώ.",1,2,A1,Greek
122,Scrivi un'email al tuo manager richiedendo un permesso per la prossima settimana.,"Ciao, Sono nuovo nuovo il ritardo. Non so cosa fare. Luca",1,2,A1,Italian
67,Escreva um email anunciando uma nova política da empresa sobre trabalho remoto.,"Caro Inês Almeida, Tenho um problema. Quero ajuda com política política de pessoal.",1,1,A1,Portuguese
729,Γράψτε ένα email στην υποστήριξη IT σχετικά με πρόβλημα εγκατάστασης λογισμικού.,"Αξιότιμε Πέτρος Ιωάννου,

Λαμβάνοντας υπόψη τις πρόσφατες εξελίξεις σχετικά με την εκστρατεία μάρκετινγκ, κρίνω απαραίτητο να σας παρουσιάσω μια εκτενή ανάλυση της τρέχουσας κατάστασης και των πιθανών ενεργειών που μπορούμε να αναλάβουμε ως οργανισμός.

Από την ανάλυση των δεδομένων προκύπτει ότι τα αποτελέσματα του προηγούμενου τριμήνου ξεπέρασαν τις προσδοκίες, με αύξηση 15% στην παραγωγικότητα σε σύγκριση με την αντίστοιχη περίοδο του προηγούμενου έτους.

Ωστόσο, υπάρχουν ορισμένα σημεία που χρήζουν περαιτέρω εξέτασης. Πρώτον, η επεκτασιμότητα της τρέχουσας υποδομής ενδέχεται να αποτελέσει σημείο συμφόρησης.

Με εκτίμηση,
Πέτρος
SmartCore",4,4,C1,Greek
445,Scrivi un'email per ricordare a un cliente una scadenza di fattura imminente.,"Gentile Matteo Marino, Le scrivo in merito a la fattura. Dopo aver esaminato la situazione, ritengo che dobbiamo prendeere provvedimenti. Sarebbe opportuno se potessimo discuterne la prossima settimana. Può farmi sapere quando è disponibile per un breve incontro? Propongo martedì o mercoledì, ma sono flessibile. Coordiali saluti, Matteo DigiWave",2,2,B1,Italian
802,Schrijf een e-mail met feedback over een recente trainingsessie.,"Geachte Kees Bakker,

Met genoegen presenteer ik u hierbij een uitvoerige evaluatie van de nieuwe software, waarbij ik niet alleen de bereikte resultaten in perspectief plaats, maar tevens de strategische implicaties belicht die van doorslaggevend belang kunnen zijn voor onze toekomstige koers.

De resultaten van de afgelopen periode getuigen van een opmerkelijke vooruitgang op meerdere fronten. De operationele efficiëntie is met 23% toegenomen, hetgeen niet alleen te danken is aan de geoptimaliseerde werkprocessen, maar ook aan de proactieve houding van ons team bij het identificeren en elimineren van inefficiënties.

Wat betreft de technologische infrastructuur hebben wij een solide fundament gelegd waarop toekomstige innovaties kunnen worden gebouwd. De architectuur is zodanig ontworpen dat deze schaalbaar en toekomstbestendig is, waardoor wij flexibel kunnen inspelen op veranderende marktomstandigheden.

Ik nodig u van harte uit om deze bevindingen tijdens ons aanstaande overleg nader te bespreken, zodat wij gezamenlijk de meest optimale strategie kunnen formuleren.

Hoogachtend,
Kees
InfoBridge",5,4,C2,Dutch
540,Napisz e-mail do zespołu z prośbą o spotkanie w przyszły wtorek w celu omówienia postępów projektu.,"Szanowny Marek Zieliński, W nawiązaniu do naszej ostatniej rozmowy na temat kampanię marketingową, chciałbym przedstawić Panu szczegółową aktualizację obecnego stanu rzeczy. Poczyniliśmy znaczące postępy w zakresie wdrożenia. Zespół pomyślnie zakończył pierwszy etap i obecnie jesteśmy w trakcie realizacji drugiego. Wystąpiło kilka drobnych problemów, które zostały już rozwiązane. Proponuję, abyśmy zaplanowali spotkanie w przyszłym tygodniu w celu omówienia wyników i ustalenia kolejnych kroków. Z poważaniem, Marek DigiWave",4,2,B2,Polish
176,Escreva um email a um fornecedor solicitando um orçamento para materiais a granel.,"Caro Miguel Pereira, Estou a escrever porque preciso de com ajuda a de campanha marketing. É um problema importante e espero que me ajudar. possa Fico a aguardar a sua resposta. Com os melhores cumprimentos, Miguel",3,1,A2,Portuguese
677,Γράψτε ένα email στον διευθυντή σας σχετικά με αλλαγή στο χρονοδιάγραμμα του έργου.,"Αξιότιμε Νίκος Δημητρίου,

Λαμβάνοντας υπόψη τις πρόσφατες εξελίξεις σχετικά με την εξυπηρέτηση πελατών, κρίνω απαραίτητο να σας παρουσιάσω μια εκτενή ανάλυση της τρέχουσας κατάστασης και των πιθανών ενεργειών που μπορούμε να αναλάβουμε ως οργανισμός.

Από την ανάλυση των δεδομένων προκύπτει ότι τα αποτελέσματα του προηγούμενου τριμήνου ξεπέρασαν τις προσδοκίες, με αύξηση 15% στην παραγωγικότητα σε σύγκριση με την αντίστοιχη περίοδο του προηγούμενου έτους.

Ωστόσο, υπάρχουν ορισμένα σημεία που χρήζουν περαιτέρω εξέτασης. Πρώτον, η επεκτασιμότητα της τρέχουσας υποδομής ενδέχεται να αποτελέσει σημείο συμφόρησης.

Με εκτίμηση,
Νίκος
SmartCore",4,3,C1,Greek
382,Escreva um email de boas-vindas para um novo funcionário que se junta à sua equipa.,"Caro Maria Santos, Estou a escrever-lhe a respeito de a formação. Após analisar a situação, acredito que deevemos tomar medidas. Seria bom se pudéssemos discutir isto na próxima semana. Pode informar-me quando está disponível para uma breve reunião? Sugiro terça ou quarta-feira, mas sou flexível. Com os melhores cumprimentos, Maria CyberLink",4,1,B1,Portuguese
379,Γράψτε ένα email στο τμήμα προμηθειών ζητώντας νέες οθόνες γραφείου.,"Αγαπητέ Σοφία Αλεξίου, Σας γράφω σχετικά με την καθυστέρηση. Μετά την εξέταση της κατάστασης, πιστεύω ότι πρέπει να αναλάβουμε δράση. Θα ήταν καλό αν μπορούσαμε να το συζητήσουμε την επόμενη εβδομάδα. Μπορείτε να μου πείτε πότε είστε διαθέσιμος για μια σύντομη συυνάντηση; Προτείνω Τρίτη ή Τετάρτη, αλλά είμαι ευέλικτος. Με εκτίμηση, Σοφία TechNova",3,3,B1,Greek
246,Scrivi un'email con un aggiornamento sullo stato del progetto per la revisione trimestrale.,"Gentile Andrea Colombo, Le scrivo perché ho bisogno di aiuto la con fattura. È un importante problema e spero che possa aiutarmi. Aspetto la sua risposta. Cordiali saluti, Andrea",2,1,A2,Italian
468,Napisz e-mail z prośbą o zwrot pieniędzy za wadliwy produkt.,"Szanowny Agnieszka Szymańska, W nawiązaniu do naszej ostatniej rozmowy na temat politykę kadrową, chciałbym przedstawić Panu szczegółową aktualizację obecnego stanu rzeczy. Poczyniliśmy znaczące postępy w zakresie wdrożenia. Zespół pomyślnie zakończył pierwszy etap i obecnie jesteśmy w trakcie realizacji drugiego. Wystąpiło kilka drobnych problemów, które zostały już rozwiązane. Proponuję, abyśmy zaplanowali spotkanie w przyszłym tygodniu w celu omówienia wyników i ustalenia kolejnych kroków. Z poważaniem, Agnieszka InfoBridge",5,3,B2,Polish
313,Napisz e-mail do zespołu z prośbą o spotkanie w przyszły wtorek w celu omówienia postępów projektu.,"Szanowny Anna Nowak, Piszę do Pana w sprawie spotkanie. Po przeanallizowaniu sytuacji uważam, że powinniśmy podjąć działania. Byłoby dobrze, gdybyśmy mogli to omówić w przyszłym tygodniu. Czy może Pan poinformować mnie, kiedy jest dostępny na krótkie spotkaniie? Proponuję wtorek lub środę, ale jestem elastyczny. Z poważaniem, Anna TechNova",3,2,B1,Polish
216,Napisz e-mail będący kontynuacją poprzedniej rozmowy kwalifikacyjnej.,"Drogi Agnieszka Szymańska, Piszę do Pana, ponieważ potrzebuję pomocy z dostawcę. To jest problem ważny i mam że nadzieję, może mi Pan pomóc. Czekam na odpowiedź. Z poważaniem, Agnieszka",2,1,A2,Polish
347,Scrivi un'email con un aggiornamento sullo stato del progetto per la revisione trimestrale.,"Gentile Luca Ferrari, Le scrivo in merito a i problemi tecnici. Dopo aver esaminato la siituazione, ritengo che dobbiamo prendere provvedimenti. Sarebbe opportuno se potessimo discuterne la prossima settimana. Può farmi sapere quando è disponibile per un breve incontro? Propongo martedì o mercoledì, ma sono flessibile. Cordiali saluti, Luca CloudMax",3,2,B1,Italian
114,Napisz e-mail zgłaszający błąd oprogramowania do zespołu programistów.,Katarzyna Mam problem. problem. Potrzebuję pomocy z fakturę. Czy możesz pomóc? Dziękuję. Z,1,0,A1,Polish
671,Γράψτε ένα email αναφέροντας ένα σφάλμα λογισμικού στην ομάδα ανάπτυξης.,"Αξιότιμε Κώστας Νικολάου,

Λαμβάνοντας υπόψη τις πρόσφατες εξελίξεις σχετικά με την εξυπηρέτηση πελατών, κρίνω απαραίτητο να σας παρουσιάσω μια εκτενή ανάλυση της τρέχουσας κατάστασης και των πιθανών ενεργειών που μπορούμε να αναλάβουμε ως οργανισμός.

Από την ανάλυση των δεδομένων προκύπτει ότι τα αποτελέσματα του προηγούμενου τριμήνου ξεπέρασαν τις προσδοκίες, με αύξηση 15% στην παραγωγικότητα σε σύγκριση με την αντίστοιχη περίοδο του προηγούμενου έτους.

Ωστόσο, υπάρχουν ορισμένα σημεία που χρήζουν περαιτέρω εξέτασης. Πρώτον, η επεκτασιμότητα της τρέχουσας υποδομής ενδέχεται να αποτελέσει σημείο συμφόρησης.

Με εκτίμηση,
Κώστας
InfoBridge",5,4,C1,Greek
389,Napisz e-mail do zespołu z prośbą o spotkanie w przyszły wtorek w celu omówienia postępów projektu.,"Szanowny Agnieszka Szymańska, Piszę do Pana w sprawie dostawcę. Po przeanalizowaniu sytuacji uważam, że powinniśmy podjąć działania. Byłoby dobrze, gdybyśmy mogli to omówić w przyszłym tygodniu. Czy możże Pan poinformować mnie, kiedy jest dostępny na krótkiie spotkanie? Proponuję wtorek lub środę, ale jestem elastyczny. Z poważaniem, Agnieszka TechNova",3,3,B1,Polish
876,Γράψτε ένα email σε προμηθευτή ζητώντας προσφορά για χύμα υλικά.,"Αξιότιμε Ελένη Κωνσταντίνου,

Με ιδιαίτερη ικανοποίηση σας παρουσιάζω μια εμπεριστατωμένη αξιολόγηση του τον προμηθευτή, στην οποία δεν περιορίζομαι μόνο στην ανάδειξη των επιτευγμάτων μας, αλλά φωτίζω ταυτόχρονα τις στρατηγικές προεκτάσεις που δύνανται να καθορίσουν την μελλοντική μας πορεία.

Τα αποτελέσματα της παρελθούσας περιόδου αποτελούν τεκμήριο αξιοσημείωτης προόδου σε πολλαπλά μέτωπα. Η λειτουργική αποδοτικότητα αυξήθηκε κατά 23%, γεγονός που οφείλεται τόσο στη βελτιστοποίηση των εργασιακών διαδικασιών όσο και στην προδραστική στάση της ομάδας μας.

Θα ήταν τιμή μου να συζητήσουμε αυτά τα ευρήματα κατά τη διάρκεια της επερχόμενης συνάντησής μας.

Με τιμή,
Ελένη
FlexiTech",4,3,C2,Greek
694,Schrijf een e-mail aan uw manager over een wijziging in de projectplanning.,"Geachte Eva Meijer,

Naar aanleiding van de recente ontwikkelingen rondom het kwaliteitsprobleem, acht ik het noodzakelijk om u een uitgebreide analyse te presenteren van de huidige situatie en de mogelijke stappen die wij als organisatie kunnen ondernemen.

Uit de data-analyse blijkt dat de resultaten van het afgelopen kwartaal de verwachtingen hebben overtroffen, met een stijging van 15% in productiviteit ten opzichte van dezelfde periode vorig jaar. Dit is grotendeels te danken aan de succesvolle implementatie van het nieuwe systeem en de toewijding van het gehele team.

Desalniettemin zijn er enkele aandachtspunten die nadere beschouwing verdienen. Ten eerste, de schaalbaarheid van de huidige infrastructuur kan een knelpunt vormen bij verdere groei. Ten tweede, de integratie met externe systemen verloopt trager dan oorspronkelijk gepland.

Ik zou willen voorstellen dat wij een strategische sessie organiseren om deze punten te bespreken en een concreet actieplan op te stellen.

Met vriendelijke groet,
Eva
OptiSoft",5,4,C1,Dutch
22,Scrivi un'email proponendo una nuova idea per una campagna di marketing.,"Gentile Matteo Marino, Ho Ho problema. aiuto con lancio del prodotto. Puoi aiutare? Grazie. Cordiali saluti",2,2,A1,Italian
104,Escreva um email para um cliente em resposta à reclamação sobre uma entrega atrasada.,Sou novo aqui. Quero a reunião. sei sei o que fazer. Ricardo,0,2,A1,Portuguese
768,Γράψτε ένα email δίνοντας σχόλια για μια πρόσφατη εκπαιδευτική συνεδρία.,"Αξιότιμε Γιώργος Παπαδόπουλος,

Με ιδιαίτερη ικανοποίηση σας παρουσιάζω μια εμπεριστατωμένη αξιολόγηση του τον προϋπολογισμό, στην οποία δεν περιορίζομαι μόνο στην ανάδειξη των επιτευγμάτων μας, αλλά φωτίζω ταυτόχρονα τις στρατηγικές προεκτάσεις που δύνανται να καθορίσουν την μελλοντική μας πορεία.

Τα αποτελέσματα της παρελθούσας περιόδου αποτελούν τεκμήριο αξιοσημείωτης προόδου σε πολλαπλά μέτωπα. Η λειτουργική αποδοτικότητα αυξήθηκε κατά 23%, γεγονός που οφείλεται τόσο στη βελτιστοποίηση των εργασιακών διαδικασιών όσο και στην προδραστική στάση της ομάδας μας.

Θα ήταν τιμή μου να συζητήσουμε αυτά τα ευρήματα κατά τη διάρκεια της επερχόμενης συνάντησής μας.

Με τιμή,
Γιώργος
DigiWave",5,3,C2,Greek
181,Γράψτε ένα email ζητώντας συγγνώμη που χάσατε μια προγραμματισμένη συνάντηση.,"Αγαπητέ Πέτρος Ιωάννου, Σας γιατί γράφω χρειάζομαι βοήθεια με την εκστρατεία μάρκετινγκ. Είναι σημαντικό πρόβλημα και ελπίζω να μπορείτε να με βοηθήσετε. Περιμένω την απάντησή σας. εκτίμηση, Με Πέτρος",3,2,A2,Greek
23,Escreva um email propondo uma nova ideia para uma campanha de marketing.,"Caro João Silva, Silva, Tenho um problema. Quero ajuda a fatura.",1,0,A1,Portuguese
838,Escreva um email ao suporte de TI sobre um problema de instalação de software.,"Estimado Inês Almeida,

Tenho o prazer de lhe apresentar uma avaliação exaustiva de os problemas técnicos, na qual não me circunscrevo apenas à contextualização dos resultados alcançados, mas ilumino igualmente as implicações estratégicas que poderão revelar-se determinantes para a nossa orientação futura.

Os resultados do período transato constituem testemunho de um progresso notável em múltiplas frentes. A eficiência operacional registou um incremento de 23%, o que se deve não apenas à otimização dos processos de trabalho, mas também à postura proativa da nossa equipa na identificação e eliminação de ineficiências.

Seria para mim uma honra poder aprofundar estas conclusões durante o nosso próximo encontro.

Com os mais elevados cumprimentos,
Inês
CloudMax",5,4,C2,Portuguese
183,Napisz e-mail z aktualizacją statusu projektu na przegląd kwartalny.,"Witam kolegów, Chcę was poinformować o dostawcę. To jest ważne, wszyscy żeby wiedzieli. Jeśli macie pytania, dajcie znać. mi Dziękuję, Jan",3,1,A2,Polish
252,Schrijf een e-mail met de aankondiging van een nieuw bedrijfsbeleid over thuiswerken.,"Beste collega's, Ik wil jullie informeren over het project. Het is belangrijk dat iedereen dit weet. Als er vragen zijn, het mij laat weten. Groetjes, Pieter",1,1,A2,Dutch
568,Scrivi un'email di annuncio HR sulla giornata sportiva annuale dell'azienda.,"Gentile Davide Gallo, In seguito alla nostra recente conversazione riguardo a il nuovo software, desidero fornirle un aggiornamento dettagliato sullo stato attuale della situazione. Abbiamo compiuto progressi significativi nell'ambito dell'implementazione. Il team ha completato con successo la prima fase e siamo attualmente impegnati nella seconda. Si sono verificati alcuni problemi minori, che sono stati nel frattempo risolti. Propongo di programmare un incontro la prossima settimana per discutere i risultati e definire i prossimi passi. Cordiali saluti, Davide NetPro",3,2,B2,Italian
348,Napisz e-mail do kierownika o zmianie harmonogramu projektu.,"Szanowny Tomasz Kamiński, Piszę do Pana w sprawie politykę kadrową. Po przeanalizowaniu sytuacji uważam, że powinniśmy podjąć działania. Byłoby dobrze, gdybyśmy mogli to omówić w prrzyszłym tygodniu. Czy może Pan poinformować mnie, kieddy jest dostępny na krótkie spotkanie? Proponuję wtorek lub środę, ale jestem elastyczny. Z poważaniem, Tomasz SmartCore",2,2,B1,Polish
770,Napisz e-mail ogłaszający nową politykę firmy dotyczącą pracy zdalnej.,"Szanowny Panie Piotr Wiśniewski,

Z przyjemnością przedstawiam Panu kompleksową ocenę nowe oprogramowanie, w której nie ograniczam się jedynie do kontekstualizacji osiągniętych wyników, lecz jednocześnie rzucam światło na implikacje strategiczne, które mogą okazać się decydujące dla naszego przyszłego kierunku rozwoju.

Wyniki minionego okresu stanowią świadectwo godnego uwagi postępu na wielu frontach. Efektywność operacyjna wzrosła o 23%, co jest wynikiem nie tylko optymalizacji procesów roboczych, ale również proaktywnej postawy naszego zespołu w identyfikowaniu i eliminowaniu nieefektywności.

Byłoby mi niezmiernie miło móc omówić te ustalenia podczas naszego najbliższego spotkania.

Z wyrazami najwyższego szacunku,
Piotr
NetPro",4,4,C2,Polish
737,Napisz e-mail zgłaszający błąd oprogramowania do zespołu programistów.,"Szanowny Panie Maria Wójcik,

W świetle ostatnich wydarzeń dotyczących fakturę, uważam za konieczne przedstawienie Panu obszernej analizy obecnej sytuacji oraz możliwych działań, jakie nasza organizacja może podjąć.

Z analizy danych wynika, że wyniki ostatniego kwartału przekroczyły oczekiwania, odnotowując wzrost produktywności o 15% w porównaniu z analogicznym okresem ubiegłego roku. Jest to w dużej mierze zasługą pomyślnego wdrożenia nowego systemu oraz zaangażowania całego zespołu.

Niemniej jednak istnieją pewne kwestie wymagające dalszej analizy, w tym skalowalność obecnej infrastruktury.

Z wyrazami szacunku,
Maria
NetPro",4,3,C1,Polish
269,Schrijf een welkomst-e-mail voor een nieuwe medewerker die bij uw team komt.,"Beste Eva Meijer, Ik schrijf u omdat ik hulp nodig heb met de Het marketingcampagne. is een belangrijk probleem en ik hoop u dat mij kan helpen. wacht Ik op uw antwoord. Met vriendelijke groet, Eva",2,1,A2,Dutch
812,Γράψτε ένα email στον διευθυντή σας σχετικά με αλλαγή στο χρονοδιάγραμμα του έργου.,"Αξιότιμε Μαρία Αντωνίου,

Με ιδιαίτερη ικανοποίηση σας παρουσιάζω μια εμπεριστατωμένη αξιολόγηση του την εκστρατεία μάρκετινγκ, στην οποία δεν περιορίζομαι μόνο στην ανάδειξη των επιτευγμάτων μας, αλλά φωτίζω ταυτόχρονα τις στρατηγικές προεκτάσεις που δύνανται να καθορίσουν την μελλοντική μας πορεία.

Τα αποτελέσματα της παρελθούσας περιόδου αποτελούν τεκμήριο αξιοσημείωτης προόδου σε πολλαπλά μέτωπα. Η λειτουργική αποδοτικότητα αυξήθηκε κατά 23%, γεγονός που οφείλεται τόσο στη βελτιστοποίηση των εργασιακών διαδικασιών όσο και στην προδραστική στάση της ομάδας μας.

Θα ήταν τιμή μου να συζητήσουμε αυτά τα ευρήματα κατά τη διάρκεια της επερχόμενης συνάντησής μας.

Με τιμή,
Μαρία
NetPro",5,4,C2,Greek
179,Escreva um email para um cliente em resposta à reclamação sobre uma entrega atrasada.,"Olá colegas, Quero informar-vos sobre a reunião. É importante que todos Se saibam. tiverem perguntas, digam-me. Obrigado, Beatriz",2,0,A2,Portuguese
291,Napisz e-mail zgłaszający błąd oprogramowania do zespołu programistów.,"Drogi Tomasz Kamiński, Piszę do Pana, potrzebuję ponieważ pomocy z obsługę klienta. To jest ważny problem mam i nadzieję, że może mi Pan pomóc. Czekam odpowiedź. na Z poważaniem, Tomasz",1,2,A2,Polish
203,Escreva um email para a sua equipa solicitando uma reunião na próxima terça-feira para discutir o progresso do projeto.,"Olá colegas, Quero informar-vos sobre a reunião. É importante que todos saibam. Se tiverem digam-me. perguntas, Obrigado, Maria",2,2,A2,Portuguese
204,Γράψτε ένα email δίνοντας σχόλια για μια πρόσφατη εκπαιδευτική συνεδρία.,"Πέτρος Αγαπητέ Ιωάννου, Σας γράφω γιατί χρειάζομαι βοήθεια με την κυκλοφορία προϊόντος. Είναι σημαντικό πρόβλημα και ελπίζω να μπορείτε να με βοηθήσετε. Περιμένω απάντησή την σας. Με εκτίμηση, Πέτρος",2,1,A2,Greek
785,Scrivi un'email richiedendo un rimborso per un prodotto difettoso.,"Egregio Davide Gallo,

Ho il piacere di presentarle una valutazione esaustiva di l'ufficio, nella quale non mi limito a contestualizzare i risultati raggiunti, ma illumino altresì le implicazioni strategiche che potrebbero rivelarsi determinanti per il nostro futuro orientamento.

I risultati del periodo trascorso testimoniano un progresso notevole su molteplici fronti. L'efficienza operativa è aumentata del 23%, il che è riconducibile non soltanto all'ottimizzazione dei processi lavorativi, ma anche all'atteggiamento proattivo del nostro team nell'identificare ed eliminare le inefficienze.

Sarebbe per me un onore poter approfondire questi risultati nel corso del nostro prossimo incontro.

Distinti saluti,
Davide
SmartCore",4,4,C2,Italian
45,Scrivi un'email per segnalare un bug software al team di sviluppo.,"Ciao, Sono nuovo qui. qui.",1,1,A1,Italian
369,Schrijf een e-mail aan uw manager met het verzoek om verlof voor volgende week.,"Beste Kees Bakker, Bedankt voor uw bericht over het kwaliteitsprobleem. Ik heb de innformatie bestudeerd en heb enkele opmerkingen die ik graag met u wil delen. Ten eerste, ik denk dat we het budget opnieuw moeten bekijken. Ten tweede, de tijdlijn moet aangepast worden. Kunnt u mij hier feedback over geven? Met vriendelijke groet, Kees",3,2,B1,Dutch
600,Scrivi un'email proponendo una nuova idea per una campagna di marketing.,"Gentile Chiara Conti, In seguito alla nostra recente conversazione riguardo a il progetto, desidero fornirle un aggiornamento dettagliato sullo stato attuale della situazione. Abbiamo compiuto progressi significativi nell'ambito dell'implementazione. Il team ha completato con successo la prima fase e siamo attualmente impegnati nella seconda. Si sono verificati alcuni problemi minori, che sono stati nel frattempo risolti. Propongo di programmare un incontro la prossima settimana per discutere i risultati e definire i prossimi passi. Cordiali saluti, Chiara NetPro",3,3,B2,Italian
647,Schrijf een e-mail om een klant te herinneren aan een naderende factuurdeadline.,"Geachte Pieter Jansen,

Naar aanleiding van de recente ontwikkelingen rondom de vergadering, acht ik het noodzakelijk om u een uitgebreide analyse te presenteren van de huidige situatie en de mogelijke stappen die wij als organisatie kunnen ondernemen.

Uit de data-analyse blijkt dat de resultaten van het afgelopen kwartaal de verwachtingen hebben overtroffen, met een stijging van 15% in productiviteit ten opzichte van dezelfde periode vorig jaar. Dit is grotendeels te danken aan de succesvolle implementatie van het nieuwe systeem en de toewijding van het gehele team.

Desalniettemin zijn er enkele aandachtspunten die nadere beschouwing verdienen. Ten eerste, de schaalbaarheid van de huidige infrastructuur kan een knelpunt vormen bij verdere groei. Ten tweede, de integratie met externe systemen verloopt trager dan oorspronkelijk gepland.

Ik zou willen voorstellen dat wij een strategische sessie organiseren om deze punten te bespreken en een concreet actieplan op te stellen.

Met vriendelijke groet,
Pieter
TechNova",4,4,C1,Dutch
200,Γράψτε ένα email προτείνοντας μια νέα ιδέα για εκστρατεία μάρκετινγκ.,"Γεια σας συνάδελφοι, Θέλω να σας ενημερώσω για τα τεχνικά προβλήματα. Είναι σημαντικό να το ξέρουν όλοι. έχετε Αν ερωτήσεις, ενημερώστε Ευχαριστώ, με. Κώστας",2,1,A2,Greek
451,Escreva um email de boas-vindas para um novo funcionário que se junta à sua equipa.,"Caro Miguel Pereira, Na sequência da nossa recente conversa sobre a reunião, gostaria de lhe fornecer uma atualização detalhada sobre a situação atual. Fizemos progressos significativos na área da implementação. A equipa concluiu com sucesso a primeira fase e estamos agora a trabalhar na segunda. Surgiram alguns problemas menores, que já foram resolvidos. Proponho que agendemos uma reunião para a próxima semana para discutir os resultados e definir os próximos passos. Com os melhores cumprimentos, Miguel FlexiTech",4,4,B2,Portuguese
298,Schrijf een e-mail aan uw team met het verzoek om een vergadering volgende dinsdag om de projectvoortgang te bespreken.,"Beste Pieter Jansen, Bedankt voor uw e-mail. Ik begrijp het probleem met de technische problemen. Ik ga om proberen een oplossing te vinden. Ik neem contact snel op. Met groet, vriendelijke Pieter",2,2,A2,Dutch
146,Napisz e-mail do kierownika o zmianie harmonogramu projektu.,"Piotr Wiśniewski, Jestem Chcę Chcę problem jakościowy. Dziękuję.",2,1,A1,Polish
118,Napisz e-mail do zespołu z prośbą o spotkanie w przyszły wtorek w celu omówienia postępów projektu.,Jestem nowy. Chcę biuro. Nie co robić. Katarzyna Katarzyna,1,0,A1,Polish
569,Schrijf een e-mail met een voorstel voor een nieuw marketingcampagne-idee.,"Beste collega's, Hierbij nodig ik u uit voor onze kwartaalvergadering over de marketingcampagne. De vergadering zal plaatsvinden op donderdag 15 maart om 14:00 uur in vergaderzaal 3. De agenda omvat de volgende punten: 1. Projectvoortgang en mijlpalen 2. Budgetoverzicht en financiële prognose 3. Teamuitbreiding en nieuwe aanwervingen 4. Eventuele vragen en overige punten Gelieve uw beschikbaarheid te bevestigen voor woensdag 12 maart. Indien u niet aanwezig kunt zijn, kunt u uw input vooraf per e-mail delen. Met vriendelijke groet, Bram",4,2,B2,Dutch
31,Escreva um email para a sua equipa solicitando uma reunião na próxima terça-feira para discutir o progresso do projeto.,"Olá, Olá, Sou novo aqui. novo software. Não sei o que fazer. Pedro",0,1,A1,Portuguese
865,Γράψτε ένα email ζητώντας επιστροφή χρημάτων για ελαττωματικό προϊόν.,"Αξιότιμε Νίκος Δημητρίου,

Με ιδιαίτερη ικανοποίηση σας παρουσιάζω μια εμπεριστατωμένη αξιολόγηση του το γραφείο, στην οποία δεν περιορίζομαι μόνο στην ανάδειξη των επιτευγμάτων μας, αλλά φωτίζω ταυτόχρονα τις στρατηγικές προεκτάσεις που δύνανται να καθορίσουν την μελλοντική μας πορεία.

Τα αποτελέσματα της παρελθούσας περιόδου αποτελούν τεκμήριο αξιοσημείωτης προόδου σε πολλαπλά μέτωπα. Η λειτουργική αποδοτικότητα αυξήθηκε κατά 23%, γεγονός που οφείλεται τόσο στη βελτιστοποίηση των εργασιακών διαδικασιών όσο και στην προδραστική στάση της ομάδας μας.

Θα ήταν τιμή μου να συζητήσουμε αυτά τα ευρήματα κατά τη διάρκεια της επερχόμενης συνάντησής μας.

Με τιμή,
Νίκος
NetPro",5,4,C2,Greek
76,Schrijf een e-mail naar een klant als reactie op hun klacht over een vertraagde levering.,"Hallo, Ik ben nieuw nieuw hier. Ik wil graag de u wel. Eva",1,1,A1,Dutch
11,Schrijf een e-mail met feedback over een recente trainingsessie.,"Kees Bakker, Ik heb vraag over de vertraging. Ik Ik weet niet te doen. Help mij alstublieft. Dank u",1,0,A1,Dutch
372,Scrivi un'email con un aggiornamento sullo stato del progetto per la revisione trimestrale.,"Gentile Davide Gallo, Le scrivo in merito a i problemi tecnici. Dopo aver esaminato la situazione, ritengo che dobbiamo prendere provvedimenti. Sarebbe opportuno se potessimo discuterne la prossima settimana. Può faarmi sapere quando è disponibile per un breve incontro? Propongo martedì o mercoledì, ma sonno flessibile. Cordiali saluti, Davide CyberLink",3,2,B1,Italian
7,Scrivi un'email al tuo team richiedendo una riunione martedì prossimo per discutere i progressi del progetto.,Sono nuovo Voglio la politica del del personale. Non so cosa fare. Francesca,2,2,A1,Italian
189,Scrivi un'email per ricordare a un cliente una scadenza di fattura imminente.,"Gentile Francesca Romano, Le scrivo perché ho bisogno di aiuto con il lancio del prodotto. È un problema importante e che spero possa aiutarmi. Aspetto la sua risposta. Cordiali saluti, Francesca",1,2,A2,Italian
410,Escreva um email pedindo desculpas por ter faltado a uma reunião agendada.,"Caro Miguel Pereira, Estou a escrever-lhe a respeito de o lançamento do produto. Após analisar a situação, acredito que devemos tommar medidas. Seria bom se pudéssemos discutir issto na próxima semana. Pode informar-me quando está disponível para uma breve reunião? Sugiro terça ou quarta-feira, mas sou flexível. Com os melhores cumprimentos, Miguel CyberLink",4,1,B1,Portuguese
211,Schrijf een e-mail aan uw team met het verzoek om een vergadering volgende dinsdag om de projectvoortgang te bespreken.,"Hallo team, Ik schrijf over het kwaliteitsprobleem. We moeten vergaderen volgende week dit om bespreken. te Graag uw beschikbaarheid doorgeven. Bedankt, Jan",1,1,A2,Dutch
385,Escreva um email para a sua equipa solicitando uma reunião na próxima terça-feira para discutir o progresso do projeto.,"Caro Inês Almeida, Estou a escrever-lhe a respeito de a formação. Após analisar a situuação, acredito que devemos tomar medidas. Seria bom se pudéssemos discutir isto na próxima semana. Podde informar-me quando está disponível para uma breve reunião? Sugiro terça ou quarta-feira, mas sou flexível. Com os melhores cumprimentos, Inês SmartCore",3,1,B1,Portuguese
758,Schrijf een e-mail met de aankondiging van een nieuw bedrijfsbeleid over thuiswerken.,"Geachte Tom de Groot,

Met genoegen presenteer ik u hierbij een uitvoerige evaluatie van het personeelsbeleid, waarbij ik niet alleen de bereikte resultaten in perspectief plaats, maar tevens de strategische implicaties belicht die van doorslaggevend belang kunnen zijn voor onze toekomstige koers.

De resultaten van de afgelopen periode getuigen van een opmerkelijke vooruitgang op meerdere fronten. De operationele efficiëntie is met 23% toegenomen, hetgeen niet alleen te danken is aan de geoptimaliseerde werkprocessen, maar ook aan de proactieve houding van ons team bij het identificeren en elimineren van inefficiënties.

Wat betreft de technologische infrastructuur hebben wij een solide fundament gelegd waarop toekomstige innovaties kunnen worden gebouwd. De architectuur is zodanig ontworpen dat deze schaalbaar en toekomstbestendig is, waardoor wij flexibel kunnen inspelen op veranderende marktomstandigheden.

Ik nodig u van harte uit om deze bevindingen tijdens ons aanstaande overleg nader te bespreken, zodat wij gezamenlijk de meest optimale strategie kunnen formuleren.

Hoogachtend,
Tom
NetPro",5,3,C2,Dutch
823,Γράψτε ένα email με ενημέρωση κατάστασης έργου για την τριμηνιαία ανασκόπηση.,"Αξιότιμε Σοφία Αλεξίου,

Με ιδιαίτερη ικανοποίηση σας παρουσιάζω μια εμπεριστατωμένη αξιολόγηση του τον προϋπολογισμό, στην οποία δεν περιορίζομαι μόνο στην ανάδειξη των επιτευγμάτων μας, αλλά φωτίζω ταυτόχρονα τις στρατηγικές προεκτάσεις που δύνανται να καθορίσουν την μελλοντική μας πορεία.

Τα αποτελέσματα της παρελθούσας περιόδου αποτελούν τεκμήριο αξιοσημείωτης προόδου σε πολλαπλά μέτωπα. Η λειτουργική αποδοτικότητα αυξήθηκε κατά 23%, γεγονός που οφείλεται τόσο στη βελτιστοποίηση των εργασιακών διαδικασιών όσο και στην προδραστική στάση της ομάδας μας.

Θα ήταν τιμή μου να συζητήσουμε αυτά τα ευρήματα κατά τη διάρκεια της επερχόμενης συνάντησής μας.

Με τιμή,
Σοφία
NetPro",5,4,C2,Greek
787,Γράψτε ένα email στον διευθυντή σας σχετικά με αλλαγή στο χρονοδιάγραμμα του έργου.,"Αξιότιμε Δημήτρης Γεωργίου,

Με ιδιαίτερη ικανοποίηση σας παρουσιάζω μια εμπεριστατωμένη αξιολόγηση του το πρόβλημα ποιότητας, στην οποία δεν περιορίζομαι μόνο στην ανάδειξη των επιτευγμάτων μας, αλλά φωτίζω ταυτόχρονα τις στρατηγικές προεκτάσεις που δύνανται να καθορίσουν την μελλοντική μας πορεία.

Τα αποτελέσματα της παρελθούσας περιόδου αποτελούν τεκμήριο αξιοσημείωτης προόδου σε πολλαπλά μέτωπα. Η λειτουργική αποδοτικότητα αυξήθηκε κατά 23%, γεγονός που οφείλεται τόσο στη βελτιστοποίηση των εργασιακών διαδικασιών όσο και στην προδραστική στάση της ομάδας μας.

Θα ήταν τιμή μου να συζητήσουμε αυτά τα ευρήματα κατά τη διάρκεια της επερχόμενης συνάντησής μας.

Με τιμή,
Δημήτρης
InfoBridge",5,4,C2,Greek
753,Γράψτε ένα email στην ομάδα σας ζητώντας μια συνάντηση την επόμενη Τρίτη για να συζητήσετε την πρόοδο του έργου.,"Αξιότιμε Πέτρος Ιωάννου,

Με ιδιαίτερη ικανοποίηση σας παρουσιάζω μια εμπεριστατωμένη αξιολόγηση του την κυκλοφορία προϊόντος, στην οποία δεν περιορίζομαι μόνο στην ανάδειξη των επιτευγμάτων μας, αλλά φωτίζω ταυτόχρονα τις στρατηγικές προεκτάσεις που δύνανται να καθορίσουν την μελλοντική μας πορεία.

Τα αποτελέσματα της παρελθούσας περιόδου αποτελούν τεκμήριο αξιοσημείωτης προόδου σε πολλαπλά μέτωπα. Η λειτουργική αποδοτικότητα αυξήθηκε κατά 23%, γεγονός που οφείλεται τόσο στη βελτιστοποίηση των εργασιακών διαδικασιών όσο και στην προδραστική στάση της ομάδας μας.

Θα ήταν τιμή μου να συζητήσουμε αυτά τα ευρήματα κατά τη διάρκεια της επερχόμενης συνάντησής μας.

Με τιμή,
Πέτρος
InfoBridge",5,3,C2,Greek
882,Schrijf een e-mail naar een klant als reactie op hun klacht over een vertraagde levering.,"Geachte Jan de Vries,

Met genoegen presenteer ik u hierbij een uitvoerige evaluatie van het kwaliteitsprobleem, waarbij ik niet alleen de bereikte resultaten in perspectief plaats, maar tevens de strategische implicaties belicht die van doorslaggevend belang kunnen zijn voor onze toekomstige koers.

De resultaten van de afgelopen periode getuigen van een opmerkelijke vooruitgang op meerdere fronten. De operationele efficiëntie is met 23% toegenomen, hetgeen niet alleen te danken is aan de geoptimaliseerde werkprocessen, maar ook aan de proactieve houding van ons team bij het identificeren en elimineren van inefficiënties.

Wat betreft de technologische infrastructuur hebben wij een solide fundament gelegd waarop toekomstige innovaties kunnen worden gebouwd. De architectuur is zodanig ontworpen dat deze schaalbaar en toekomstbestendig is, waardoor wij flexibel kunnen inspelen op veranderende marktomstandigheden.

Ik nodig u van harte uit om deze bevindingen tijdens ons aanstaande overleg nader te bespreken, zodat wij gezamenlijk de meest optimale strategie kunnen formuleren.

Hoogachtend,
Jan
CloudMax",5,3,C2,Dutch
245,Γράψτε ένα email ευχαριστώντας έναν πελάτη για τη συνεχή συνεργασία.,"Αγαπητέ Κώστας Νικολάου, Σας γράφω γιατί χρειάζομαι βοήθεια με την πολιτική προσωπικού. σημαντικό Είναι πρόβλημα και ελπίζω να μπορείτε να με βοηθήσετε. Περιμένω την απάντησή Με σας. εκτίμηση, Κώστας",2,1,A2,Greek
219,Napisz e-mail z aktualizacją statusu projektu na przegląd kwartalny.,"Witam kolegów, Chcę poinformować was o problemy techniczne. To jest ważne, żeby wszyscy wiedzieli. Jeśli pytania, macie dajcie mi znać. Dziękuję, Jan",2,3,A2,Polish
639,Schrijf een e-mail met de aankondiging van een nieuw bedrijfsbeleid over thuiswerken.,"Geachte Pieter Jansen,

Naar aanleiding van de recente ontwikkelingen rondom het kwaliteitsprobleem, acht ik het noodzakelijk om u een uitgebreide analyse te presenteren van de huidige situatie en de mogelijke stappen die wij als organisatie kunnen ondernemen.

Uit de data-analyse blijkt dat de resultaten van het afgelopen kwartaal de verwachtingen hebben overtroffen, met een stijging van 15% in productiviteit ten opzichte van dezelfde periode vorig jaar. Dit is grotendeels te danken aan de succesvolle implementatie van het nieuwe systeem en de toewijding van het gehele team.

Desalniettemin zijn er enkele aandachtspunten die nadere beschouwing verdienen. Ten eerste, de schaalbaarheid van de huidige infrastructuur kan een knelpunt vormen bij verdere groei. Ten tweede, de integratie met externe systemen verloopt trager dan oorspronkelijk gepland.

Ik zou willen voorstellen dat wij een strategische sessie organiseren om deze punten te bespreken en een concreet actieplan op te stellen.

Met vriendelijke groet,
Pieter
DataSphere",5,4,C1,Dutch
478,Γράψτε ένα email σε πελάτη ως απάντηση στο παράπονό του για καθυστερημένη παράδοση.,"Αγαπητέ Σοφία Αλεξίου, Σε συνέχεια της πρόσφατης συζήτησής μας σχετικά με την εξυπηρέτηση πελατών, θα ήθελα να σας ενημερώσω λεπτομερώς για την τρέχουσα κατάσταση. Έχουμε σημειώσει σημαντική πρόοδο στον τομέα της υλοποίησης. Η ομάδα ολοκλήρωσε επιτυχώς το πρώτο στάδιο και βρισκόμαστε τώρα στο δεύτερο. Αντιμετωπίσαμε ορισμένα μικρά προβλήματα, τα οποία έχουν πλέον επιλυθεί. Προτείνω να προγραμματίσουμε μια συνάντηση την επόμενη εβδομάδα για να συζητήσουμε τα αποτελέσματα. Με εκτίμηση, Σοφία CyberLink",3,3,B2,Greek
236,Escreva um email relatando um erro de software para a equipa de desenvolvimento.,"Caro Miguel Pereira, Estou a escrever porque preciso de ajuda com a política de pessoal. É um problema importante e me espero que possa ajudar. a Fico aguardar a sua resposta. Com os melhores cumprimentos, Miguel",3,1,A2,Portuguese
824,Escreva um email lembrando um cliente sobre um prazo de fatura próximo.,"Estimado Sofia Rodrigues,

Tenho o prazer de lhe apresentar uma avaliação exaustiva de o novo software, na qual não me circunscrevo apenas à contextualização dos resultados alcançados, mas ilumino igualmente as implicações estratégicas que poderão revelar-se determinantes para a nossa orientação futura.

Os resultados do período transato constituem testemunho de um progresso notável em múltiplas frentes. A eficiência operacional registou um incremento de 23%, o que se deve não apenas à otimização dos processos de trabalho, mas também à postura proativa da nossa equipa na identificação e eliminação de ineficiências.

Seria para mim uma honra poder aprofundar estas conclusões durante o nosso próximo encontro.

Com os mais elevados cumprimentos,
Sofia
InfoBridge",5,4,C2,Portuguese
229,Schrijf een e-mail om collega's uit te nodigen voor een netwerkevenement.,"Hallo team, Ik schrijf over het personeelsbeleid. We vergaderen moeten volgende week dit om te bespreken. Graag uw beschikbaarheid doorgeven. Bedankt, Bram",2,1,A2,Dutch
655,Γράψτε ένα email υπενθυμίζοντας έναν πελάτη για προσεχή προθεσμία τιμολογίου.,"Αξιότιμε Μαρία Αντωνίου,

Λαμβάνοντας υπόψη τις πρόσφατες εξελίξεις σχετικά με την πολιτική προσωπικού, κρίνω απαραίτητο να σας παρουσιάσω μια εκτενή ανάλυση της τρέχουσας κατάστασης και των πιθανών ενεργειών που μπορούμε να αναλάβουμε ως οργανισμός.

Από την ανάλυση των δεδομένων προκύπτει ότι τα αποτελέσματα του προηγούμενου τριμήνου ξεπέρασαν τις προσδοκίες, με αύξηση 15% στην παραγωγικότητα σε σύγκριση με την αντίστοιχη περίοδο του προηγούμενου έτους.

Ωστόσο, υπάρχουν ορισμένα σημεία που χρήζουν περαιτέρω εξέτασης. Πρώτον, η επεκτασιμότητα της τρέχουσας υποδομής ενδέχεται να αποτελέσει σημείο συμφόρησης.

Με εκτίμηση,
Μαρία
DigiWave",4,4,C1,Greek
4,Escreva um email pedindo desculpas por ter faltado a uma reunião agendada.,Caro Ricardo Tenho problema. Quero ajuda os problemas técnicos. Pode ajudar? ajudar? Obrigado. Atenciosamente,1,0,A1,Portuguese
225,Scrivi un'email al tuo team richiedendo una riunione martedì prossimo per discutere i progressi del progetto.,"Ciao Voglio colleghi, informarvi su il lancio del prodotto. È importante che tutti lo sappiano. Se domande, avete fatemi sapere. Grazie, Luca",2,2,A2,Italian
508,Scrivi un'email ringraziando un cliente per la sua continua collaborazione.,"Gentile Marco Rossi, In seguito alla nostra recente conversazione riguardo a il servizio clienti, desidero fornirle un aggiorrnamento dettagliato sullo stato attuale della situazione. Abbiamo compiuto progressi significativi nell'ambito dell'implementazione. Il team ha completato con successo la prima fase e siamo attualmente impegnati nella seconda. Si sono verificati alcuni problemi minori, che sono stati nel frattempo risolti. Propongo di programmare un incontro la prossima settimana per discutere i risultati e definire i prossimi passi. Cordiali saluti, Marco TechNova",3,3,B2,Italian
44,Napisz e-mail z prośbą o zwrot pieniędzy za wadliwy produkt.,"Witam, Jestem nowy. Chcę spotkanie. spotkanie. Nie wiem robić.",1,2,A1,Polish
892,Schrijf een e-mail met een verzoek om terugbetaling voor een defect product.,"Geachte Maria Timmers,

Met genoegen presenteer ik u hierbij een uitvoerige evaluatie van het budget, waarbij ik niet alleen de bereikte resultaten in perspectief plaats, maar tevens de strategische implicaties belicht die van doorslaggevend belang kunnen zijn voor onze toekomstige koers.

De resultaten van de afgelopen periode getuigen van een opmerkelijke vooruitgang op meerdere fronten. De operationele efficiëntie is met 23% toegenomen, hetgeen niet alleen te danken is aan de geoptimaliseerde werkprocessen, maar ook aan de proactieve houding van ons team bij het identificeren en elimineren van inefficiënties.

Wat betreft de technologische infrastructuur hebben wij een solide fundament gelegd waarop toekomstige innovaties kunnen worden gebouwd. De architectuur is zodanig ontworpen dat deze schaalbaar en toekomstbestendig is, waardoor wij flexibel kunnen inspelen op veranderende marktomstandigheden.

Ik nodig u van harte uit om deze bevindingen tijdens ons aanstaande overleg nader te bespreken, zodat wij gezamenlijk de meest optimale strategie kunnen formuleren.

Hoogachtend,
Maria
CloudMax",4,4,C2,Dutch
466,Scrivi un'email di annuncio HR sulla giornata sportiva annuale dell'azienda.,"Gentile Elena Ricci, In seguito alla nostra recente conversazione riguardo a l'ufficio, desidero fornirle un aggiornamento dettagliato sullo stato attuale della situazione. Abbiamo compiuto progressi significativi nell'ambito dell'implementazione. Il team ha completato con successo la prima fase e siamo attualmente impegnati nella seconda. Si sono verificati alcuni problemi minori, che sono stati nel frattempo risolti. Propongo di programmare un incontro la prossima settimana per discutere i risultati e definire i prossimi passi. Cordiali saluti, Elena TechNova",3,3,B2,Italian
108,Scrivi un'email per segnalare un bug software al team di sviluppo.,Gentile Ho Ho un problema. aiuto con il ritardo. Puoi aiutare? Grazie. Cordiali saluti,1,2,A1,Italian
167,Schrijf een e-mail om uw excuses aan te bieden voor het missen van een geplande vergadering.,"Beste collega's, Ik wil jullie informeren over het budget. is Het belangrijk dat iedereen weet. dit Als er vragen zijn, laat het mij weten. Groetjes, Kees",2,2,A2,Dutch
337,Escreva um email pedindo desculpas por ter faltado a uma reunião agendada.,"Caro Ricardo Martins, Estou a escrever-lhe a respeito de a política de pessoal. Após analisar a situação, acredito que devemos tomar medidas. Seria bom se pudéssemos discutir isto na próxima semana. Pode informar-me quanddo está disponível para uma breve reunião? Sugiro terça ou quarta-feira, mas sou flexível. Com os melhores cumprimentos, Ricardo TechNNova",3,3,B1,Portuguese
429,Scrivi un'email richiedendo un rimborso per un prodotto difettoso.,"Gentile Davide Gallo, Le scriivo in merito a la riunione. Dopo aver esaminato la situazionee, ritengo che dobbiamo prendere provvedimenti. Sarebbe opportuno se potessimo discuterne la prossima settimana. Può farmi sapere quando è disponibile per un breve incontro? Propongo martedì o mercoledì, ma sono flessibile. Cordiali saluti, Davide InfoBridge",3,3,B1,Italian
307,Scrivi un'email al tuo manager richiedendo un permesso per la prossima settimana.,"Gentile Luca Ferrari, Le scrivo in meritto a il ritardo. Doppo aver esaminato la situazione, ritengo che dobbiamo prendere provvedimenti. Sarebbe opportuno se potessimo discuterne la prossima settimana. Può farmi sapere quando è disponibile per un breve incontro? Propongo martedì o mercoledì, ma sono flessibile. Cordiali saluti, Luca FlexiTech",3,2,B1,Italian
631,Napisz e-mail zgłaszający błąd oprogramowania do zespołu programistów.,"Szanowny Panie Magdalena Dąbrowska,

W świetle ostatnich wydarzeń dotyczących problemy techniczne, uważam za konieczne przedstawienie Panu obszernej analizy obecnej sytuacji oraz możliwych działań, jakie nasza organizacja może podjąć.

Z analizy danych wynika, że wyniki ostatniego kwartału przekroczyły oczekiwania, odnotowując wzrost produktywności o 15% w porównaniu z analogicznym okresem ubiegłego roku. Jest to w dużej mierze zasługą pomyślnego wdrożenia nowego systemu oraz zaangażowania całego zespołu.

Niemniej jednak istnieją pewne kwestie wymagające dalszej analizy, w tym skalowalność obecnej infrastruktury.

Z wyrazami szacunku,
Magdalena
CloudMax",3,3,C1,Polish
344,Napisz e-mail do działu zaopatrzenia z prośbą o nowe monitory biurowe.,"Szanowny Katarzyna Lewandowska, Piszę do Pana w sprawie obsługę klienta. Po przeanalizowaniu sytuacji uważam, że powinniśmy podjąć działania. Byłoby dobrze, gdybyśmy mogli to omówić w przyszłym tygodniu. Czy może Pan poinformować mniee, kiedy jest dostępny na krótkie spotkanie? Proponuję wtorek lub środę, ale jestem elaastyczny. Z poważaniem, Katarzyna NetPro",4,1,B1,Polish
580,Escreva um email propondo uma nova ideia para uma campanha de marketing.,"Caro Sofia Rodrigues, Na sequência da nossa recente conversa sobre a reunião, gostaria de lhe fornecer uma atualização detalhada sobre a situação atual. Fizemos progressos significativos na área da implementação. A equipa concluiu com sucesso a primeira fase e estamos agora a trabalhar na segunda. Surgiram alguns problemas menores, que já foram resolvidos. Proponho que agendemos uma reunião para a prróxima semana para discutir os resultados e definir os próximos passos. Com os melhores cumprimentos, Sofia SmartCore",3,3,B2,Portuguese
593,Γράψτε ένα email παρακολούθησης μετά από προηγούμενη συνέντευξη εργασίας.,"Αγαπητέ Νίκος Δημητρίου, Σε συνέχεια της πρόσφατης συζήτησής μας σχετικά με το νέο λογισμικό, θα ήθελα να σας ενημερώσω λεπτομερώς για την τρέχουσα κατάσταση. Έχουμε σημειώσει σημαντική πρόοδο στον τομέα της υλοποίησης. Η ομάδα ολοκλήρωσε επιτυχώς το πρώτο στάδιο και βρισκόμαστε τώρα στο δεύτερο. Αντιμετωπίσαμε ορισμένα μικρά προβλήματα, τα οποία έχουν πλέον επιλυθεί. Προτείνω να προγραμματίσουμε μια συνάντηση την επόμενη εβδομάδα για να συζητήσουμε τα αποτελέσματα. Με εκτίμηση, Νίκος DataSphere",4,3,B2,Greek
340,Γράψτε ένα email ζητώντας συγγνώμη που χάσατε μια προγραμματισμένη συνάντηση.,"Αγαπητέ Μαρία Αντωνίου, Σας γράφω σχετικά με τον προμηθευτή. Μετά την εξέταση της κατάστασης, πιστεύω ότι πρέπει να αναλάβουμε δράση. Θα ήταν καλό αν μπορούσαμε να το συζητήσουμε την επόμενη εβδομάδα. Μπορείτε να μου πείτε πόττε είστε διαθέσιμος για μια σύντομη συνάντηση; Προτείνω Τρίτη ή Τετάρτη, αλλά είμαι ευέλικτος. Με εκτίμηση, Μαρία DigiWave",4,2,B1,Greek
710,Napisz e-mail do działu zaopatrzenia z prośbą o nowe monitory biurowe.,"Szanowny Panie Agnieszka Szymańska,

W świetle ostatnich wydarzeń dotyczących problemy techniczne, uważam za konieczne przedstawienie Panu obszernej analizy obecnej sytuacji oraz możliwych działań, jakie nasza organizacja może podjąć.

Z analizy danych wynika, że wyniki ostatniego kwartału przekroczyły oczekiwania, odnotowując wzrost produktywności o 15% w porównaniu z analogicznym okresem ubiegłego roku. Jest to w dużej mierze zasługą pomyślnego wdrożenia nowego systemu oraz zaangażowania całego zespołu.

Niemniej jednak istnieją pewne kwestie wymagające dalszej analizy, w tym skalowalność obecnej infrastruktury.

Z wyrazami szacunku,
Agnieszka
DataSphere",4,4,C1,Polish
615,Escreva um email pedindo desculpas por ter faltado a uma reunião agendada.,"Estimado Maria Santos,

À luz dos recentes desenvolvimentos relativos a o novo software, considero necessário apresentar-lhe uma análise abrangente da situação atual e das possíveis ações que a nossa organização pode empreender.

Da análise dos dados resulta que os resultados do último trimestre superaram as expectativas, registando um aumento de 15% na produtividade em comparação com o mesmo período do ano anterior. Isto deve-se em grande parte à implementação bem-sucedida do novo sistema e à dedicação de toda a equipa.

Contudo, existem alguns aspetos que merecem uma análise mais aprofundada, incluindo a escalabilidade da infraestrutura atual.

Com os melhores cumprimentos,
Maria
FlexiTech",4,3,C1,Portuguese
479,Scrivi un'email al supporto IT riguardo un problema di installazione software.,"Gentile Francesca Romano, In seguito alla nostra recente conversazione riguardo a i problemi tecnici, desidero fornirle un aggiornamento dettagliato sullo stato attuale della situazione. Abbiamo compiuto progressi significativi nell'ambito dell'implementazione. Il team ha completato con successo la prima fase e siamo attualmente impegnati nella seconda. Si sono verificati alcuni problemi minori, che sono stati nel frattempo risolti. Propongo di programmare un incontro la prossima settimana per discutere i risultati e definire i prossimi passi. Cordiali saluti, Francesca DigiWave",4,2,B2,Italian
709,Schrijf een e-mail met een voorstel voor een nieuw marketingcampagne-idee.,"Geachte Maria Timmers,

Naar aanleiding van de recente ontwikkelingen rondom de marketingcampagne, acht ik het noodzakelijk om u een uitgebreide analyse te presenteren van de huidige situatie en de mogelijke stappen die wij als organisatie kunnen ondernemen.

Uit de data-analyse blijkt dat de resultaten van het afgelopen kwartaal de verwachtingen hebben overtroffen, met een stijging van 15% in productiviteit ten opzichte van dezelfde periode vorig jaar. Dit is grotendeels te danken aan de succesvolle implementatie van het nieuwe systeem en de toewijding van het gehele team.

Desalniettemin zijn er enkele aandachtspunten die nadere beschouwing verdienen. Ten eerste, de schaalbaarheid van de huidige infrastructuur kan een knelpunt vormen bij verdere groei. Ten tweede, de integratie met externe systemen verloopt trager dan oorspronkelijk gepland.

Ik zou willen voorstellen dat wij een strategische sessie organiseren om deze punten te bespreken en een concreet actieplan op te stellen.

Met vriendelijke groet,
Maria
TechNova",4,3,C1,Dutch
712,Γράψτε ένα email προσκαλώντας συναδέλφους σε εκδήλωση δικτύωσης.,"Αξιότιμε Νίκος Δημητρίου,

Λαμβάνοντας υπόψη τις πρόσφατες εξελίξεις σχετικά με το τιμολόγιο, κρίνω απαραίτητο να σας παρουσιάσω μια εκτενή ανάλυση της τρέχουσας κατάστασης και των πιθανών ενεργειών που μπορούμε να αναλάβουμε ως οργανισμός.

Από την ανάλυση των δεδομένων προκύπτει ότι τα αποτελέσματα του προηγούμενου τριμήνου ξεπέρασαν τις προσδοκίες, με αύξηση 15% στην παραγωγικότητα σε σύγκριση με την αντίστοιχη περίοδο του προηγούμενου έτους.

Ωστόσο, υπάρχουν ορισμένα σημεία που χρήζουν περαιτέρω εξέτασης. Πρώτον, η επεκτασιμότητα της τρέχουσας υποδομής ενδέχεται να αποτελέσει σημείο συμφόρησης.

Με εκτίμηση,
Νίκος
NetPro",4,4,C1,Greek
488,Scrivi un'email al team acquisti richiedendo nuovi monitor per l'ufficio.,"Gentile Davide Gallo, In seguito alla nostra recente conversazione riguardo a il ritardo, desidero fornirle un aggiornamento dettagliato sullo stato attuale della situazione. Abbiamo compiuto progressi significativi nell'ambito dell'implementazione. Il team ha completato con successo la prima fase e siamo attualmente impegnati nella seconda. Si sono verificati alcuni problemi minori, che sono stati nel frattempo risolti. Propongo di programmare un incontro la prossima settimana per discutere i risultati e definire i prossimi passi. Cordiali saluti, Davide OptiSoft",5,3,B2,Italian
684,Napisz e-mail z podziękowaniami dla klienta za ciągłą współpracę.,"Szanowny Panie Tomasz Kamiński,

W świetle ostatnich wydarzeń dotyczących biuro, uważam za konieczne przedstawienie Panu obszernej analizy obecnej sytuacji oraz możliwych działań, jakie nasza organizacja może podjąć.

Z analizy danych wynika, że wyniki ostatniego kwartału przekroczyły oczekiwania, odnotowując wzrost produktywności o 15% w porównaniu z analogicznym okresem ubiegłego roku. Jest to w dużej mierze zasługą pomyślnego wdrożenia nowego systemu oraz zaangażowania całego zespołu.

Niemniej jednak istnieją pewne kwestie wymagające dalszej analizy, w tym skalowalność obecnej infrastruktury.

Z wyrazami szacunku,
Tomasz
TechNova",5,4,C1,Polish
194,Scrivi un'email al team acquisti richiedendo nuovi monitor per l'ufficio.,"Ciao colleghi, Voglio su informarvi la È riunione. importante che tutti lo sappiano. Se avete domande, fatemi sapere. Grazie, Luca",2,3,A2,Italian
350,Schrijf een welkomst-e-mail voor een nieuwe medewerker die bij uw team komt.,"Beste Lisa Dekker, Ik schrijf u met betrekking tot het personeelsbeleid. Na het bekijken van de situatie, denk ik dat we actie moeten ondernemen. Het zou goed zijn als we dit volgende week kunnen bespreken. Kunt u mij laten weten wanneer u beschikbaar beent voor een kort overleg? Ik stel voor dinsdag of woensdag, maar ik ben flexibel. Met vriendelijke groet, Lisa CloudMax",3,2,B1,Dutch
71,Escreva um email lembrando um cliente sobre um prazo de fatura próximo.,"Caro Oliveira, Tenho um problema. Quero ajuda com o serviço serviço ao cliente.",2,1,A1,Portuguese
805,Scrivi un'email richiedendo un rimborso per un prodotto difettoso.,"Egregio Giulia Bianchi,

Ho il piacere di presentarle una valutazione esaustiva di il nuovo software, nella quale non mi limito a contestualizzare i risultati raggiunti, ma illumino altresì le implicazioni strategiche che potrebbero rivelarsi determinanti per il nostro futuro orientamento.

I risultati del periodo trascorso testimoniano un progresso notevole su molteplici fronti. L'efficienza operativa è aumentata del 23%, il che è riconducibile non soltanto all'ottimizzazione dei processi lavorativi, ma anche all'atteggiamento proattivo del nostro team nell'identificare ed eliminare le inefficienze.

Sarebbe per me un onore poter approfondire questi risultati nel corso del nostro prossimo incontro.

Distinti saluti,
Giulia
CyberLink",5,4,C2,Italian
207,Scrivi un'email al supporto IT riguardo un problema di installazione software.,"Ciao colleghi, Voglio informarvi il su lancio del prodotto. È importante che tutti lo sappiano. Se avete domande, fatemi sapere. Matteo Grazie,",4,1,A2,Italian
656,Napisz e-mail będący kontynuacją poprzedniej rozmowy kwalifikacyjnej.,"Szanowny Panie Agnieszka Szymańska,

W świetle ostatnich wydarzeń dotyczących projekt, uważam za konieczne przedstawienie Panu obszernej analizy obecnej sytuacji oraz możliwych działań, jakie nasza organizacja może podjąć.

Z analizy danych wynika, że wyniki ostatniego kwartału przekroczyły oczekiwania, odnotowując wzrost produktywności o 15% w porównaniu z analogicznym okresem ubiegłego roku. Jest to w dużej mierze zasługą pomyślnego wdrożenia nowego systemu oraz zaangażowania całego zespołu.

Niemniej jednak istnieją pewne kwestie wymagające dalszej analizy, w tym skalowalność obecnej infrastruktury.

Z wyrazami szacunku,
Agnieszka
NetPro",5,4,C1,Polish
206,Schrijf een e-mail als vervolg op een eerder sollicitatiegesprek.,"Beste Eva Meijer, Ik schrijf u omdat ik nodig hulp heb de met klantenservice. Het is een belangrijk probleem en ik hoop dat u mij kan Ik helpen. wacht op uw antwoord. Met vriendelijke groet, Eva",2,1,A2,Dutch
201,Γράψτε ένα email προσκαλώντας συναδέλφους σε εκδήλωση δικτύωσης.,"Αγαπητέ Πέτρος Σας Ιωάννου, γράφω γιατί χρειάζομαι βοήθεια με τον προμηθευτή. Είναι σημαντικό πρόβλημα και ελπίζω να μπορείτε με να βοηθήσετε. Περιμένω την απάντησή σας. Με εκτίμηση, Πέτρος",3,2,A2,Greek
353,Scrivi un'email per ricordare a un cliente una scadenza di fattura imminente.,"Gentile Chiara Conti, Le scrivo in merito a il progetto. Dopo aver esaminato la situazione, ritengo che dobbiamo prendere provvedimenti. Sarebbe opportuno se potesssimo discuterne la prossima settimana. Può farmi sapere quando è disponibile per un breve incontro? Propongo martedì o mercoledì, ma sono flessibile. Cordiali saluti, Chiara DataSphere",3,3,B1,Italian
433,Scrivi un'email di follow-up dopo un precedente colloquio di lavoro.,"Gentile Sara Greco, Le scrivo in merito a il buddget. Dopo aver esaminato la situazione, ritengo che dobbiamo prendere provvedimenti. Sarebbe opportuno se potessimo discuterne la prossima settimana. Può farmi sapere quando è disponibile per un breve incontro? Proponngo martedì o mercoledì, ma sono flessibile. Cordiali saluti, Sara InfoBridge",4,2,B1,Italian
56,Scrivi un'email al tuo manager riguardo un cambiamento nella tempistica del progetto.,Gentile Giulia Ho problema. aiuto con la formazione. Puoi aiutare? Grazie. Cordiali Cordiali saluti,0,1,A1,Italian
573,Schrijf een e-mail met feedback over een recente trainingsessie.,"Beste Sophie Visser, Naar aanleiding van ons recente gesprek over het budget, wil ik u graag een gedetailleerde update geven over de huidige stand van zaken. We hebben aanzienlijke vooruitgang geboekt op het gebied van de implementatie. Het team heeft de eerste fase succesvol afgerond en we zijn nu bezig met de tweede fase. Er zijn enkele kleinere problemen opgetreden, maar die zijn inmiddels opgelost. Ik stel voor dat we volgende week een vergadering plannen om de resultaten te bespreken en de volgende stappen vast te stellen. Daarnaast zou ik graag uw mening willen horen over de voorgestelde aanpak voor het derde kwartaal. Met vriendelijke groet, Sophie CloudMax",4,3,B2,Dutch
839,Escreva um email dando feedback sobre uma sessão de formação recente.,"Estimado Miguel Pereira,

Tenho o prazer de lhe apresentar uma avaliação exaustiva de os problemas técnicos, na qual não me circunscrevo apenas à contextualização dos resultados alcançados, mas ilumino igualmente as implicações estratégicas que poderão revelar-se determinantes para a nossa orientação futura.

Os resultados do período transato constituem testemunho de um progresso notável em múltiplas frentes. A eficiência operacional registou um incremento de 23%, o que se deve não apenas à otimização dos processos de trabalho, mas também à postura proativa da nossa equipa na identificação e eliminação de ineficiências.

Seria para mim uma honra poder aprofundar estas conclusões durante o nosso próximo encontro.

Com os mais elevados cumprimentos,
Miguel
CloudMax",4,4,C2,Portuguese
520,Scrivi un'email ringraziando un cliente per la sua continua collaborazione.,"Gentile Andrea Colombo, In seguito alla nostra recente conversazione riguardo a la formazione, desidero fornirle un aggiornamento dettagliato sullo stato attuale della situazione. Abbiamo compiuto progressi significativi nell'ambito dell'implementazione. Il team ha completato con successo la prima fase e siamo attualmente impegnati nella seconda. Si sono verificati alcuni problemi minori, che sono stati nel frattempo risolti. Propongo di programmare un incontro la prossima settimana per discutere i risultati e definire i prossimi passi. Cordiali saluti, Andrea InfoBridge",3,3,B2,Italian
244,Napisz e-mail proponujący nowy pomysł na kampanię marketingową.,"Witam kolegów, Chcę was poinformować o problem jakościowy. To jest ważne, żeby wszyscy wiedzieli. Jeśli macie pytania, dajcie mi znać. Dziękuję, Tomasz",2,0,A2,Polish
59,Napisz e-mail do działu zaopatrzenia z prośbą o nowe monitory biurowe.,"Tomasz Kamiński, Kamiński, problem. Potrzebuję pomocy z jakościowy.",1,2,A1,Polish
149,Napisz e-mail przypominający klientowi o zbliżającym się terminie płatności faktury.,"Witam, nowy. Chcę techniczne.",1,0,A1,Polish
695,Γράψτε ένα email δίνοντας σχόλια για μια πρόσφατη εκπαιδευτική συνεδρία.,"Αξιότιμε Δημήτρης Γεωργίου,

Λαμβάνοντας υπόψη τις πρόσφατες εξελίξεις σχετικά με την καθυστέρηση, κρίνω απαραίτητο να σας παρουσιάσω μια εκτενή ανάλυση της τρέχουσας κατάστασης και των πιθανών ενεργειών που μπορούμε να αναλάβουμε ως οργανισμός.

Από την ανάλυση των δεδομένων προκύπτει ότι τα αποτελέσματα του προηγούμενου τριμήνου ξεπέρασαν τις προσδοκίες, με αύξηση 15% στην παραγωγικότητα σε σύγκριση με την αντίστοιχη περίοδο του προηγούμενου έτους.

Ωστόσο, υπάρχουν ορισμένα σημεία που χρήζουν περαιτέρω εξέτασης. Πρώτον, η επεκτασιμότητα της τρέχουσας υποδομής ενδέχεται να αποτελέσει σημείο συμφόρησης.

Με εκτίμηση,
Δημήτρης
CyberLink",4,4,C1,Greek
674,Napisz e-mail powitalny dla nowego pracownika dołączającego do zespołu.,"Szanowny Panie Maria Wójcik,

W świetle ostatnich wydarzeń dotyczących projekt, uważam za konieczne przedstawienie Panu obszernej analizy obecnej sytuacji oraz możliwych działań, jakie nasza organizacja może podjąć.

Z analizy danych wynika, że wyniki ostatniego kwartału przekroczyły oczekiwania, odnotowując wzrost produktywności o 15% w porównaniu z analogicznym okresem ubiegłego roku. Jest to w dużej mierze zasługą pomyślnego wdrożenia nowego systemu oraz zaangażowania całego zespołu.

Niemniej jednak istnieją pewne kwestie wymagające dalszej analizy, w tym skalowalność obecnej infrastruktury.

Z wyrazami szacunku,
Maria
DataSphere",4,3,C1,Polish
601,Escreva um email ao seu gestor solicitando licença para a próxima semana.,"Estimado Carlos Oliveira,

À luz dos recentes desenvolvimentos relativos a o atraso, considero necessário apresentar-lhe uma análise abrangente da situação atual e das possíveis ações que a nossa organização pode empreender.

Da análise dos dados resulta que os resultados do último trimestre superaram as expectativas, registando um aumento de 15% na produtividade em comparação com o mesmo período do ano anterior. Isto deve-se em grande parte à implementação bem-sucedida do novo sistema e à dedicação de toda a equipa.

Contudo, existem alguns aspetos que merecem uma análise mais aprofundada, incluindo a escalabilidade da infraestrutura atual.

Com os melhores cumprimentos,
Carlos
CyberLink",4,1,C1,Portuguese
531,Schrijf een e-mail aan uw manager met het verzoek om verlof voor volgende week.,"Beste Tom de Groot, Naar aanleiding van ons recente gesprek over de factuur, wil ik u graag een gedetailleerde update geven over de huidige stand van zaken. We hebben aanzienlijke vooruitgang geboekt op het gebied van de implementatie. Het team heeft de eerste fase succesvol afgerond en we zijn nu bezig met de tweede fase. Er zijn enkele kleinere problemen opgetreden, maar die zijn inmiddels opgelost. Ik stel voor dat we volgende week een vergadering plannen om de resultaten te bespreken en de volgende stappen vast te stellen. Daarnaast zou ik graag uw mening willen horen over de voorgestelde aanpak voor het derde kwartaal. Met vriendelijke groet, Tom CloudMax",4,4,B2,Dutch
9,Escreva um email de boas-vindas para um novo funcionário que se junta à sua equipa.,Caro Beatriz Beatriz Tenho um problema. Quero a formação. Pode ajudar? Obrigado. Atenciosamente,1,2,A1,Portuguese
378,Napisz e-mail zapraszający kolegów na wydarzenie networkingowe.,"Szanowny Piottr Wiśniewski, Piszę do Pana w sprawie biuro. Po przeanalizowaniu sytuacji uważam, że powinniśmy podjąć działania. Byłoby dobrze, gdybyśmy mogli to omówić w przyszłym tygodniu. Czy może Pan poinformować mnie, kiedy jest dostępny na krótkie spotkanie? Proponuję wtorek lub środę, ale jestem elastyczny. Z poważaniem, Piotr FlexiTech",4,3,B1,Polish
299,Napisz e-mail zapraszający kolegów na wydarzenie networkingowe.,"Witam kolegów, Chcę poinformować was o fakturę. To jest ważne, żeby wszyscy wiedzieli. Jeśli macie pytania, mi dajcie znać. Dziękuję, Tomasz",2,1,A2,Polish
352,Escreva um email convidando colegas para um evento de networking.,"Caro Miguel Pereira, Estou a escrever-lhe a respeito de a política de pessoal. Após analisar a situaação, acredito que devemos tomar medidas. Seria bom se pudéssemos discutir isto na próóxima semana. Pode informar-me quando está disponível para uma breve reunião? Sugiro terça ou quarta-feira, mas sou flexível. Com os melhores cumprimentos, Miguel DigiWave",3,2,B1,Portuguese
618,Schrijf een e-mail aan het inkoopteam met het verzoek om nieuwe kantoormonitoren.,"Geachte Sophie Visser,

Naar aanleiding van de recente ontwikkelingen rondom de klantenservice, acht ik het noodzakelijk om u een uitgebreide analyse te presenteren van de huidige situatie en de mogelijke stappen die wij als organisatie kunnen ondernemen.

Uit de data-analyse blijkt dat de resultaten van het afgelopen kwartaal de verwachtingen hebben overtroffen, met een stijging van 15% in productiviteit ten opzichte van dezelfde periode vorig jaar. Dit is grotendeels te danken aan de succesvolle implementatie van het nieuwe systeem en de toewijding van het gehele team.

Desalniettemin zijn er enkele aandachtspunten die nadere beschouwing verdienen. Ten eerste, de schaalbaarheid van de huidige infrastructuur kan een knelpunt vormen bij verdere groei. Ten tweede, de integratie met externe systemen verloopt trager dan oorspronkelijk gepland.

Ik zou willen voorstellen dat wij een strategische sessie organiseren om deze punten te bespreken en een concreet actieplan op te stellen.

Met vriendelijke groet,
Sophie
TechNova",4,4,C1,Dutch
317,Scrivi un'email a un fornitore richiedendo un preventivo per materiali all'ingrosso.,"Gentile Andrea Colombo, Le scrivo in merito a il progetto. Dopo aver esaminato la situazzione, ritengo che dobbiamo prendere provvedimenti. Sarebbe opportuno se potessimo discuterne la prossima settimana. Può farmi sapere quando è disponibile per un breve incontro? Prropongo martedì o mercoledì, ma sono flessibile. Cordiali saluti, Andrea InfoBridge",4,3,B1,Italian
481,Γράψτε ένα email στο τμήμα προμηθειών ζητώντας νέες οθόνες γραφείου.,"Αγαπητέ Δημήτρης Γεωργίου, Σε συνέχεια της πρόσφατης συζήτησής μας σχετικά με την εκστρατεία μάρκετινγκ, θα ήθελα να σας ενημερώσω λεπτομερώς για την τρέχουσα κατάσταση. Έχουμε σημειώσει σημαντική πρόοδο στον τομέα της υλοποίησης. Η ομάδα ολοκλήρωσε επιτυχώς το πρώτο στάδιο και βρισκόμαστε τώρα στο δεύτερο. Αντιμετωπίσαμε ορισμένα μικρά προβλήματα, τα οποία έχουν πλέον επιλυθεί. Προτείνω να προγραμματίσουμε μια συνάντηση την επόμενη εβδομάδα για να συζητήσουμε τα αποτελέσματα. Με εκτίμηση, Δημήτρης OptiSoft",3,2,B2,Greek
151,Napisz e-mail będący kontynuacją poprzedniej rozmowy kwalifikacyjnej.,"Witam Chcę kolegów, was poinformować o fakturę. To ważne, jest żeby wszyscy wiedzieli. Jeśli macie pytania, dajcie mi znać. Dziękuję, Jan",2,1,A2,Polish
150,Escreva um email a um fornecedor solicitando um orçamento para materiais a granel.,"Caro Sofia Rodrigues, Tenho problema. Quero ajuda com com o Pode ajudar? Atenciosamente",2,0,A1,Portuguese
795,Schrijf een e-mail om uw excuses aan te bieden voor het missen van een geplande vergadering.,"Geachte Maria Timmers,

Met genoegen presenteer ik u hierbij een uitvoerige evaluatie van de factuur, waarbij ik niet alleen de bereikte resultaten in perspectief plaats, maar tevens de strategische implicaties belicht die van doorslaggevend belang kunnen zijn voor onze toekomstige koers.

De resultaten van de afgelopen periode getuigen van een opmerkelijke vooruitgang op meerdere fronten. De operationele efficiëntie is met 23% toegenomen, hetgeen niet alleen te danken is aan de geoptimaliseerde werkprocessen, maar ook aan de proactieve houding van ons team bij het identificeren en elimineren van inefficiënties.

Wat betreft de technologische infrastructuur hebben wij een solide fundament gelegd waarop toekomstige innovaties kunnen worden gebouwd. De architectuur is zodanig ontworpen dat deze schaalbaar en toekomstbestendig is, waardoor wij flexibel kunnen inspelen op veranderende marktomstandigheden.

Ik nodig u van harte uit om deze bevindingen tijdens ons aanstaande overleg nader te bespreken, zodat wij gezamenlijk de meest optimale strategie kunnen formuleren.

Hoogachtend,
Maria
OptiSoft",4,4,C2,Dutch
555,Scrivi un'email fornendo feedback su una recente sessione di formazione.,"Gentile Matteo Marino, In seguito alla nostra recente conversazione riguardo a il ritardo, desidero fornirle un aggiornamento dettagliato sullo stato attuale della situazione. Abbiamo compiuto progressi significativi nell'ambito dell'implementazione. Il team ha completato con successo la prima fase e siamo attualmente impegnati nella seconda. Si sono verificati alcuni problemi minori, che sono stati nel frattempo risolti. Propongo di programmare un incontro la prossima settimana per discutere i risultati e definire i prossimi passi. Cordiali saluti, Matteo OptiSoft",3,3,B2,Italian
598,Schrijf een e-mail om een klant te bedanken voor hun voortdurende samenwerking.,"Beste Bram Mulder, Naar aanleiding van ons recente gesprek over de klantenservice, wil ik u graag een gedetailleerde update geven over de huidige stand van zaken. We hebben aanzienlijke vooruitgang geboekt op het gebied van de implementatie. Het team heeft de eerste fase successvol afgerond en we zijn nu bezig met de tweede fase. Er zijn enkele kleinere problemen opgetreden, maar die zijn inmiddels opgelost. Ik stel voor dat we volgende week een vergadering plannen om de resultaten te bespreken en de volgende stappen vast te stellen. Daarnaast zou ik graag uw mening willen horen over de voorgestelde aanpak voor het derde kwartaal. Met vriendelijke groet, Bram FlexiTech",3,4,B2,Dutch
319,Escreva um email anunciando uma nova política da empresa sobre trabalho remoto.,"Caro Pedro Costa, Estou a escrever-lhe a respeito de o orçamento. Após analisar a situação, acredito que devemos tomar medidas. Seriia bom se pudéssemos discutir isto na próxima semana. Pode informar-me quando está disponível para uma breve reunião? Sugiro terça ou quarta-feira, mas sou flexível. Com os melhhores cumprimentos, Pedro InfoBridge",4,3,B1,Portuguese
367,Γράψτε ένα email ανακοίνωσης HR για την ετήσια αθλητική ημέρα της εταιρείας.,"Αγαπητέ Κατερίνα Χρήστου, Σας γράφω σχετικά με το νέο λογισμικό. Μετά την εξέταση της κατάστασης, πιστεύω ότι πρέπει να αναλάβουμε δράση. Θα ήταν κααλό αν μπορούσαμε να το συζητήσουμε την επόμενη εβδομάδα. Μπορείτε να μου πείτε πότε είστε διαθέσιμος για μια σύντομη συνάντηση; Προτείνω Τρίτη ή Τετάρτη, αλλά είμαι ευέλικτος. Με εκτίμηση, Κατερίνα OptiSoft",3,2,B1,Greek
773,Γράψτε ένα email ζητώντας επιστροφή χρημάτων για ελαττωματικό προϊόν.,"Αξιότιμε Νίκος Δημητρίου,

Με ιδιαίτερη ικανοποίηση σας παρουσιάζω μια εμπεριστατωμένη αξιολόγηση του την εκπαίδευση, στην οποία δεν περιορίζομαι μόνο στην ανάδειξη των επιτευγμάτων μας, αλλά φωτίζω ταυτόχρονα τις στρατηγικές προεκτάσεις που δύνανται να καθορίσουν την μελλοντική μας πορεία.

Τα αποτελέσματα της παρελθούσας περιόδου αποτελούν τεκμήριο αξιοσημείωτης προόδου σε πολλαπλά μέτωπα. Η λειτουργική αποδοτικότητα αυξήθηκε κατά 23%, γεγονός που οφείλεται τόσο στη βελτιστοποίηση των εργασιακών διαδικασιών όσο και στην προδραστική στάση της ομάδας μας.

Θα ήταν τιμή μου να συζητήσουμε αυτά τα ευρήματα κατά τη διάρκεια της επερχόμενης συνάντησής μας.

Με τιμή,
Νίκος
DataSphere",5,4,C2,Greek
668,Napisz e-mail do działu zaopatrzenia z prośbą o nowe monitory biurowe.,"Szanowny Panie Maria Wójcik,

W świetle ostatnich wydarzeń dotyczących szkolenie, uważam za konieczne przedstawienie Panu obszernej analizy obecnej sytuacji oraz możliwych działań, jakie nasza organizacja może podjąć.

Z analizy danych wynika, że wyniki ostatniego kwartału przekroczyły oczekiwania, odnotowując wzrost produktywności o 15% w porównaniu z analogicznym okresem ubiegłego roku. Jest to w dużej mierze zasługą pomyślnego wdrożenia nowego systemu oraz zaangażowania całego zespołu.

Niemniej jednak istnieją pewne kwestie wymagające dalszej analizy, w tym skalowalność obecnej infrastruktury.

Z wyrazami szacunku,
Maria
SmartCore",4,3,C1,Polish
526,Scrivi un'email di annuncio HR sulla giornata sportiva annuale dell'azienda.,"Gentile Francesca Romano, In seguito alla nostra recente conversazione riguardo a il fornitore, desidero fornirle un aggiornamento dettagliato sullo stato attuale della situazione. Abbiamo compiuto progressi significativi nell'ambito dell'implementazione. Il team ha completato con successo la prima fase e siamo attualmente impegnati nella seconda. Si sono verificati alcuni problemi minori, che sono stati nel frattempo risolti. Propongo di programmare un incontro la prossima settimana per discutere i risultati e definire i prossimi passi. Cordiali saluti, Francesca DigiWave",2,3,B2,Italian
447,Escreva um email para um cliente em resposta à reclamação sobre uma entrega atrasada.,"Caro Sofia Rodrigues, Estou a escreverr-lhe a respeito de o lançammento do produto. Após analisar a situação, acredito que devemos tomar medidas. Seria bom se pudéssemos discutir isto na próxima semana. Pode informar-me quando está disponível para uma breve reunião? Sugiro terça ou quarta-feira, mas sou flexível. Com os melhores cumprimentos, Sofia CloudMax",3,3,B1,Portuguese
599,Schrijf een e-mail om collega's uit te nodigen voor een netwerkevenement.,"Beste collega's, Hierbij nodig ik u uit voor onze kwartaalvergadering over het kantoor. De vergadering zal plaatsvinden op donderdag 15 maart om 14:00 uur in vergaderzaal 3. De agenda omvat de volgende punten: 1. Projectvoortgang en mijlpalen 2. Budgetoverzicht en financiële prognose 3. Teamuitbreiding en nieuwe aanwervingen 4. Eventuele vragen en overige punten Gelieve uw beschikbaarheid te bevestigen voor woensdag 12 maart. Indien u niet aanwezig kunt zijn, kunt u uw input vooraf per e-mail delen. Met vriendelijke groet, Lisa",3,4,B2,Dutch
320,Escreva um email propondo uma nova ideia para uma campanha de marketing.,"Caro Beatriz Sousa, Estou a escrever-lhe a respeito de a política de pessoal. Após analisar a situação, acredito que devemmos tomar medidas. Seria bom se pudéssemos discutir isto na próxima semana. Pode informar-me quando esstá disponível para uma breve reunião? Sugiro terça ou quarta-feira, mas sou flexível. Com os melhores cumprimentos, Beatriz CloudMax",2,3,B1,Portuguese
131,Scrivi un'email di follow-up dopo un precedente colloquio di lavoro.,"Ciao, Ciao, Sono nuovo qui. Voglio lancio del Non so cosa fare. Davide",1,2,A1,Italian
62,Napisz e-mail do wsparcia IT dotyczący problemu z instalacją oprogramowania.,Witam Maria Jestem Maria. Maria.,1,0,A1,Polish
46,Scrivi un'email al tuo manager richiedendo un permesso per la prossima settimana.,"Ciao Francesca Francesca Romano, sono Francesca. Io voglio il problema di Grazie. Saluti",2,0,A1,Italian
817,Escreva um email para um cliente em resposta à reclamação sobre uma entrega atrasada.,"Estimado Ana Ferreira,

Tenho o prazer de lhe apresentar uma avaliação exaustiva de o fornecedor, na qual não me circunscrevo apenas à contextualização dos resultados alcançados, mas ilumino igualmente as implicações estratégicas que poderão revelar-se determinantes para a nossa orientação futura.

Os resultados do período transato constituem testemunho de um progresso notável em múltiplas frentes. A eficiência operacional registou um incremento de 23%, o que se deve não apenas à otimização dos processos de trabalho, mas também à postura proativa da nossa equipa na identificação e eliminação de ineficiências.

Seria para mim uma honra poder aprofundar estas conclusões durante o nosso próximo encontro.

Com os mais elevados cumprimentos,
Ana
TechNova",4,3,C2,Portuguese
141,Escreva um email para a sua equipa solicitando uma reunião na próxima terça-feira para discutir o progresso do projeto.,"Caro Ana Ferreira, um problema. ajuda com o Pode ajudar? ajudar? Obrigado. Atenciosamente",1,0,A1,Portuguese
249,Escreva um email relatando um erro de software para a equipa de desenvolvimento.,"Caro Inês Almeida, Estou a escrever porque preciso ajuda de com a política de pessoal. É um problema importante e espero que me possa ajudar. Fico aguardar a a sua resposta. os Com melhores cumprimentos, Inês",1,2,A2,Portuguese
191,Napisz e-mail do zespołu z prośbą o spotkanie w przyszły wtorek w celu omówienia postępów projektu.,"Witam kolegów, was Chcę poinformować o wprowadzenie produktu. To jest ważne, żeby wszyscy wiedzieli. Jeśli macie pytania, dajcie mi znać. Katarzyna Dziękuję,",2,1,A2,Polish
456,Γράψτε ένα email αναφέροντας ένα σφάλμα λογισμικού στην ομάδα ανάπτυξης.,"Αγαπητέ Νίκος Δημητρίου, Σε συνέχεια της πρόσφατης συζήτησής μας σχετικά με την καθυστέρηση, θα ήθελα να σας ενημερώσω λεπτομερώς για την τρέχουσα κατάσταση. Έχουμε σημειώσει σημαντική πρόοδο στον τομέα της υλοποίησης. Η ομάδα ολοκλήρωσε επιτυχώς το πρώτο στάδιο και βρισκόμαστε τώρα στο δεύτερο. Αντιμετωπίσαμε ορισμένα μικρά προβλήματα, τα οποία έχουν πλέον επιλυθεί. Προτείνω να προγραμματίσουμε μια συνάντηση την επόμενη εβδομάδα για να συζητήσουμε τα αποτελέσματα. Με εκτίμηση, Νίκος DataSphere",3,2,B2,Greek
636,Escreva um email a um fornecedor solicitando um orçamento para materiais a granel.,"Estimado João Silva,

À luz dos recentes desenvolvimentos relativos a o novo software, considero necessário apresentar-lhe uma análise abrangente da situação atual e das possíveis ações que a nossa organização pode empreender.

Da análise dos dados resulta que os resultados do último trimestre superaram as expectativas, registando um aumento de 15% na produtividade em comparação com o mesmo período do ano anterior. Isto deve-se em grande parte à implementação bem-sucedida do novo sistema e à dedicação de toda a equipa.

Contudo, existem alguns aspetos que merecem uma análise mais aprofundada, incluindo a escalabilidade da infraestrutura atual.

Com os melhores cumprimentos,
João
FlexiTech",4,3,C1,Portuguese
743,Scrivi un'email per segnalare un bug software al team di sviluppo.,"Egregio Francesca Romano,

Alla luce dei recenti sviluppi inerenti a il problema di qualità, ritengo opportuno presentarle un'analisi approfondita della situazione corrente e delle possibili azioni che la nostra organizzazione potrebbe intraprendere.

Dall'analisi dei dati emerge che i risultati dell'ultimo trimestre hanno superato le aspettative, registrando un incremento del 15% nella produttività rispetto allo stesso periodo dell'anno precedente. Ciò è in gran parte attribuibile alla riuscita implementazione del nuovo sistema e alla dedizione dell'intero team.

Tuttavia, vi sono alcuni aspetti che meritano un'attenta valutazione, tra cui la scalabilità dell'infrastruttura attuale.

Cordiali saluti,
Francesca
FlexiTech",4,1,C1,Italian
493,Schrijf een e-mail om uw excuses aan te bieden voor het missen van een geplande vergadering.,"Beste collega's, Hierbij nodig ik u uit voor onze kwartaalvergadering over het project. De vergadering zal plaatsvinden op donderdag 15 maart om 14:00 uur in vergaderzaal 3. De agenda omvat de volgende punten: 1. Projectvoortgang en mijlpalen 2. Budgetoverzicht en financiële prognose 3. Teamuitbreiding en nieuwe aanwervingen 4. Eventuele vragen en overige punten Gelieve uw beschikbaarheid te bevestigen voor woensdag 12 maart. Indien u niet aanwezig kunt zijn, kunt u uw input vooraf per e-mail delen. Met vriendelijke groet, Eva",3,3,B2,Dutch
432,Escreva um email solicitando um reembolso por um produto com defeito.,"Caro Pedro Costa, Estou a escrever-lhe a respeito de os problemas técnicos. Após analisar a situação, acredito que devemos tomar medidas. Seria bom se pudéssemos discutiir isto na próxima semana. Pode informar-me quando esstá disponível para uma breve reunião? Sugiro terça ou quarta-feira, mas sou flexível. Com os melhores cumprimentos, Pedro NetPro",2,3,B1,Portuguese
364,Schrijf een e-mail om een klant te herinneren aan een naderende factuurdeadline.,"Beste colleega's, Graag wil ik u informeren over de voortgang van de maarketingcampagne. We hebben goede resultaten behaald in de afgelopen periode, hoewel er nog enkele uitdagingen zijn. De volgende stappen zijn gepland voor de komende weken. Ik verwacht dat we de deadline kunnnen halen, maar ik houd u op de hoogte als er wijzigingen zijn. Met vriendelijke groet, Jan",2,2,B1,Dutch
263,Napisz e-mail do wsparcia IT dotyczący problemu z instalacją oprogramowania.,"Witam kolegów, Chcę was poinformować wprowadzenie o produktu. To jest ważne, żeby wszyscy wiedzieli. Jeśli macie pytania, dajcie mi znać. Piotr Dziękuję,",2,2,A2,Polish
522,Escreva um email de anúncio de RH sobre o dia desportivo anual da empresa.,"Caro João Silva, Na sequência da nossa recente conversa sobre o problema de qualidade, gostaria de lhe fornecer uma atualização detalhada sobre a situação atual. Fizemos progressos significativos na área da implementação. A equipa concluiu com sucesso a primeira fase e estamos agora a trabalhar na segunda. Surgiram alguns problemas menores, que já foram resolvidos. Proponho que agendemos uma reunião para a próxima semana para discutir os resultados e definir os próximos passos. Com os melhores cumprimentos, João SmartCore",5,2,B2,Portuguese
653,Schrijf een e-mail als vervolg op een eerder sollicitatiegesprek.,"Geachte Maria Timmers,

Naar aanleiding van de recente ontwikkelingen rondom de vergadering, acht ik het noodzakelijk om u een uitgebreide analyse te presenteren van de huidige situatie en de mogelijke stappen die wij als organisatie kunnen ondernemen.

Uit de data-analyse blijkt dat de resultaten van het afgelopen kwartaal de verwachtingen hebben overtroffen, met een stijging van 15% in productiviteit ten opzichte van dezelfde periode vorig jaar. Dit is grotendeels te danken aan de succesvolle implementatie van het nieuwe systeem en de toewijding van het gehele team.

Desalniettemin zijn er enkele aandachtspunten die nadere beschouwing verdienen. Ten eerste, de schaalbaarheid van de huidige infrastructuur kan een knelpunt vormen bij verdere groei. Ten tweede, de integratie met externe systemen verloopt trager dan oorspronkelijk gepland.

Ik zou willen voorstellen dat wij een strategische sessie organiseren om deze punten te bespreken en een concreet actieplan op te stellen.

Met vriendelijke groet,
Maria
CyberLink",4,4,C1,Dutch
130,Γράψτε ένα email αναφέροντας ένα σφάλμα λογισμικού στην ομάδα ανάπτυξης.,"Γεια σας, Είμαι νέος Θέλω το τιμολόγιο. τιμολόγιο. ξέρω τι να κάνω. Κώστας",2,0,A1,Greek
587,Schrijf een e-mail om een klant te bedanken voor hun voortdurende samenwerking.,"Beste collega's, Hierbij nodig ik u uit voor onze kwartaalvergadering over het kantoor. De vergadering zal plaatsvinden op donderdag 15 maart om 14:00 uur in vergaderzaal 3. De agenda omvat de volgende punten: 1. Projectvoortgang en mijlpalen 2. Budgetoverzicht en financiële prognose 3. Teamuitbreiding en nieuwe aanwervingen 4. Eventuele vragen en overige punten Gelieve uw beschikbaarheid te bevestigen voor woensdag 12 maart. Indien u niet aanwezig kunt zijn, kunt u uw input vooraf per e-mail delen. Met vriendelijke groet, Bram",4,4,B2,Dutch
199,Napisz e-mail z podziękowaniami dla klienta za ciągłą współpracę.,"Witam kolegów, Chcę was poinformować o szkolenie. To jest ważne, żeby wszyscy wiedzieli. Jeśli macie pytania, dajcie mi znać. Dziękuję, Anna",2,1,A2,Polish
861,Escreva um email com uma atualização do estado do projeto para a revisão trimestral.,"Estimado João Silva,

Tenho o prazer de lhe apresentar uma avaliação exaustiva de a campanha de marketing, na qual não me circunscrevo apenas à contextualização dos resultados alcançados, mas ilumino igualmente as implicações estratégicas que poderão revelar-se determinantes para a nossa orientação futura.

Os resultados do período transato constituem testemunho de um progresso notável em múltiplas frentes. A eficiência operacional registou um incremento de 23%, o que se deve não apenas à otimização dos processos de trabalho, mas também à postura proativa da nossa equipa na identificação e eliminação de ineficiências.

Seria para mim uma honra poder aprofundar estas conclusões durante o nosso próximo encontro.

Com os mais elevados cumprimentos,
João
NetPro",4,4,C2,Portuguese
809,Γράψτε ένα email ευχαριστώντας έναν πελάτη για τη συνεχή συνεργασία.,"Αξιότιμε Κατερίνα Χρήστου,

Με ιδιαίτερη ικανοποίηση σας παρουσιάζω μια εμπεριστατωμένη αξιολόγηση του την εξυπηρέτηση πελατών, στην οποία δεν περιορίζομαι μόνο στην ανάδειξη των επιτευγμάτων μας, αλλά φωτίζω ταυτόχρονα τις στρατηγικές προεκτάσεις που δύνανται να καθορίσουν την μελλοντική μας πορεία.

Τα αποτελέσματα της παρελθούσας περιόδου αποτελούν τεκμήριο αξιοσημείωτης προόδου σε πολλαπλά μέτωπα. Η λειτουργική αποδοτικότητα αυξήθηκε κατά 23%, γεγονός που οφείλεται τόσο στη βελτιστοποίηση των εργασιακών διαδικασιών όσο και στην προδραστική στάση της ομάδας μας.

Θα ήταν τιμή μου να συζητήσουμε αυτά τα ευρήματα κατά τη διάρκεια της επερχόμενης συνάντησής μας.

Με τιμή,
Κατερίνα
CyberLink",5,4,C2,Greek
608,Napisz e-mail do działu zaopatrzenia z prośbą o nowe monitory biurowe.,"Szanowny Panie Marek Zieliński,

W świetle ostatnich wydarzeń dotyczących spotkanie, uważam za konieczne przedstawienie Panu obszernej analizy obecnej sytuacji oraz możliwych działań, jakie nasza organizacja może podjąć.

Z analizy danych wynika, że wyniki ostatniego kwartału przekroczyły oczekiwania, odnotowując wzrost produktywności o 15% w porównaniu z analogicznym okresem ubiegłego roku. Jest to w dużej mierze zasługą pomyślnego wdrożenia nowego systemu oraz zaangażowania całego zespołu.

Niemniej jednak istnieją pewne kwestie wymagające dalszej analizy, w tym skalowalność obecnej infrastruktury.

Z wyrazami szacunku,
Marek
DigiWave",4,3,C1,Polish
70,Γράψτε ένα email στον διευθυντή σας ζητώντας άδεια για την επόμενη εβδομάδα.,νέος εδώ. Θέλω την πολιτική πολιτική προσωπικού. Δεν ξέρω τι να κάνω. Νίκος,1,1,A1,Greek
731,Napisz e-mail z prośbą o zwrot pieniędzy za wadliwy produkt.,"Szanowny Panie Krzysztof Woźniak,

W świetle ostatnich wydarzeń dotyczących problemy techniczne, uważam za konieczne przedstawienie Panu obszernej analizy obecnej sytuacji oraz możliwych działań, jakie nasza organizacja może podjąć.

Z analizy danych wynika, że wyniki ostatniego kwartału przekroczyły oczekiwania, odnotowując wzrost produktywności o 15% w porównaniu z analogicznym okresem ubiegłego roku. Jest to w dużej mierze zasługą pomyślnego wdrożenia nowego systemu oraz zaangażowania całego zespołu.

Niemniej jednak istnieją pewne kwestie wymagające dalszej analizy, w tym skalowalność obecnej infrastruktury.

Z wyrazami szacunku,
Krzysztof
NetPro",4,4,C1,Polish
610,Escreva um email ao departamento de compras solicitando novos monitores de escritório.,"Estimado Miguel Pereira,

À luz dos recentes desenvolvimentos relativos a os problemas técnicos, considero necessário apresentar-lhe uma análise abrangente da situação atual e das possíveis ações que a nossa organização pode empreender.

Da análise dos dados resulta que os resultados do último trimestre superaram as expectativas, registando um aumento de 15% na produtividade em comparação com o mesmo período do ano anterior. Isto deve-se em grande parte à implementação bem-sucedida do novo sistema e à dedicação de toda a equipa.

Contudo, existem alguns aspetos que merecem uma análise mais aprofundada, incluindo a escalabilidade da infraestrutura atual.

Com os melhores cumprimentos,
Miguel
FlexiTech",4,4,C1,Portuguese
13,Escreva um email convidando colegas para um evento de networking.,"João Silva, um problema. problema. Quero ajuda com problemas técnicos. Pode ajudar? Obrigado. Atenciosamente",2,1,A1,Portuguese
106,Escreva um email lembrando um cliente sobre um prazo de fatura próximo.,"Olá, Sou Sou novo aqui. Quero a Não sei que fazer. Ricardo",1,1,A1,Portuguese
111,Schrijf een e-mail als vervolg op een eerder sollicitatiegesprek.,"Hallo Kees Bakker, Ik Kees. Ik wil het Dat is is goed. Groeten",1,1,A1,Dutch
198,Scrivi un'email di benvenuto per un nuovo dipendente che si unisce al tuo team.,"Gentile Colombo, Andrea scrivo Le perché ho bisogno di aiuto con il problema di qualità. È un problema importante e spero possa che aiutarmi. Aspetto la sua risposta. Cordiali saluti, Andrea",4,1,A2,Italian
